0.000000000000000000e+00
3.577817531305903308e-04
8.944543828264758540e-04
8.944543828264758540e-04
1.073345259391770938e-03
1.073345259391770938e-03
1.252236135957066239e-03
1.252236135957066239e-03
1.431127012522361323e-03
1.431127012522361323e-03
1.788908765652951708e-03
1.788908765652951708e-03
1.967799642218247009e-03
1.967799642218247009e-03
2.146690518783541876e-03
2.146690518783541876e-03
2.325581395348837177e-03
2.325581395348837177e-03
2.504472271914132478e-03
2.504472271914132478e-03
2.683363148479427345e-03
2.683363148479427345e-03
2.862254025044722646e-03
2.862254025044722646e-03
3.220035778175313248e-03
3.220035778175313248e-03
3.398926654740608115e-03
3.398926654740608115e-03
3.577817531305903416e-03
3.577817531305903416e-03
3.756708407871198717e-03
3.756708407871198717e-03
3.935599284436494018e-03
3.935599284436494018e-03
4.114490161001789319e-03
4.114490161001789319e-03
4.293381037567083752e-03
4.293381037567083752e-03
4.472271914132379053e-03
4.472271914132379053e-03
4.651162790697674354e-03
4.651162790697674354e-03
4.830053667262969655e-03
4.830053667262969655e-03
5.008944543828264956e-03
5.008944543828264956e-03
5.187835420393560257e-03
5.187835420393560257e-03
5.366726296958854690e-03
5.366726296958854690e-03
5.545617173524149991e-03
5.545617173524149991e-03
5.724508050089445292e-03
5.724508050089445292e-03
5.903398926654740593e-03
5.903398926654740593e-03
6.261180679785331195e-03
6.261180679785331195e-03
6.440071556350626496e-03
6.440071556350626496e-03
6.618962432915920929e-03
6.618962432915920929e-03
6.797853309481216230e-03
6.797853309481216230e-03
6.976744186046511531e-03
6.976744186046511531e-03
7.155635062611806832e-03
7.155635062611806832e-03
7.334525939177102133e-03
7.334525939177102133e-03
7.513416815742397434e-03
7.871198568872988036e-03
7.871198568872988036e-03
8.050089445438283337e-03
8.050089445438283337e-03
8.228980322003578637e-03
8.228980322003578637e-03
8.407871198568872204e-03
8.407871198568872204e-03
8.765652951699462805e-03
8.765652951699462805e-03
8.944543828264758106e-03
8.944543828264758106e-03
9.123434704830053407e-03
9.123434704830053407e-03
9.302325581395348708e-03
9.302325581395348708e-03
9.481216457960644009e-03
9.481216457960644009e-03
9.660107334525939310e-03
9.660107334525939310e-03
9.838998211091234611e-03
9.838998211091234611e-03
1.001788908765652991e-02
1.001788908765652991e-02
1.037567084078712051e-02
1.037567084078712051e-02
1.073345259391770938e-02
1.073345259391770938e-02
1.091234347048300468e-02
1.091234347048300468e-02
1.109123434704829998e-02
1.109123434704829998e-02
1.127012522361359528e-02
1.127012522361359528e-02
1.162790697674418589e-02
1.162790697674418589e-02
1.180679785330948119e-02
1.180679785330948119e-02
1.198568872987477649e-02
1.198568872987477649e-02
1.216457960644007179e-02
1.216457960644007179e-02
1.234347048300536709e-02
1.234347048300536709e-02
1.270125223613595769e-02
1.270125223613595769e-02
1.305903398926654656e-02
1.305903398926654656e-02
1.323792486583184186e-02
1.323792486583184186e-02
1.341681574239713716e-02
1.341681574239713716e-02
1.395348837209302306e-02
1.395348837209302306e-02
1.413237924865831836e-02
1.413237924865831836e-02
1.431127012522361366e-02
1.431127012522361366e-02
1.449016100178890896e-02
1.449016100178890896e-02
1.466905187835420427e-02
1.466905187835420427e-02
1.520572450805009017e-02
1.520572450805009017e-02
1.538461538461538547e-02
1.538461538461538547e-02
1.556350626118067904e-02
1.556350626118067904e-02
1.574239713774597607e-02
1.574239713774597607e-02
1.592128801431126964e-02
1.592128801431126964e-02
1.610017889087656667e-02
1.610017889087656667e-02
1.627906976744186024e-02
1.627906976744186024e-02
1.663685152057245084e-02
1.663685152057245084e-02
1.681574239713774441e-02
1.681574239713774441e-02
1.699463327370304144e-02
1.699463327370304144e-02
1.717352415026833501e-02
1.717352415026833501e-02
1.735241502683363204e-02
1.735241502683363204e-02
1.753130590339892561e-02
1.753130590339892561e-02
1.788908765652951621e-02
1.788908765652951621e-02
1.806797853309481325e-02
1.806797853309481325e-02
1.860465116279069742e-02
1.860465116279069742e-02
1.878354203935599445e-02
1.878354203935599445e-02
1.896243291592128802e-02
1.896243291592128802e-02
1.949910554561717219e-02
1.949910554561717219e-02
1.967799642218246922e-02
1.967799642218246922e-02
1.985688729874776279e-02
1.985688729874776279e-02
2.003577817531305982e-02
2.003577817531305982e-02
2.039355992844365043e-02
2.039355992844365043e-02
2.057245080500894399e-02
2.057245080500894399e-02
2.093023255813953459e-02
2.093023255813953459e-02
2.110912343470483163e-02
2.110912343470483163e-02
2.128801431127012520e-02
2.128801431127012520e-02
2.146690518783541876e-02
2.146690518783541876e-02
2.164579606440071580e-02
2.164579606440071580e-02
2.182468694096600936e-02
2.182468694096600936e-02
2.200357781753130640e-02
2.200357781753130640e-02
2.218246869409659996e-02
2.218246869409659996e-02
2.236135957066189700e-02
2.236135957066189700e-02
2.254025044722719057e-02
2.254025044722719057e-02
2.271914132379248760e-02
2.271914132379248760e-02
2.289803220035778117e-02
2.289803220035778117e-02
2.307692307692307820e-02
2.307692307692307820e-02
2.325581395348837177e-02
2.325581395348837177e-02
2.361359570661896237e-02
2.361359570661896237e-02
2.379248658318425594e-02
2.379248658318425594e-02
2.415026833631484654e-02
2.415026833631484654e-02
2.432915921288014358e-02
2.432915921288014358e-02
2.468694096601073418e-02
2.468694096601073418e-02
2.504472271914132478e-02
2.504472271914132478e-02
2.522361359570661835e-02
2.522361359570661835e-02
2.540250447227191538e-02
2.540250447227191538e-02
2.558139534883720895e-02
2.558139534883720895e-02
2.593917710196779955e-02
2.593917710196779955e-02
2.611806797853309312e-02
2.611806797853309312e-02
2.629695885509839015e-02
2.629695885509839015e-02
2.647584973166368372e-02
2.647584973166368372e-02
2.665474060822898075e-02
2.665474060822898075e-02
2.683363148479427432e-02
2.683363148479427432e-02
2.701252236135957135e-02
2.701252236135957135e-02
2.719141323792486492e-02
2.719141323792486492e-02
2.737030411449016196e-02
2.737030411449016196e-02
2.754919499105545552e-02
2.754919499105545552e-02
2.772808586762075256e-02
2.772808586762075256e-02
2.790697674418604612e-02
2.790697674418604612e-02
2.826475849731663673e-02
2.826475849731663673e-02
2.862254025044722733e-02
2.862254025044722733e-02
2.880143112701252089e-02
2.880143112701252089e-02
2.898032200357781793e-02
2.898032200357781793e-02
2.915921288014311150e-02
2.915921288014311150e-02
2.933810375670840853e-02
2.933810375670840853e-02
2.951699463327370210e-02
2.951699463327370210e-02
2.969588550983899913e-02
2.969588550983899913e-02
2.987477638640429270e-02
2.987477638640429270e-02
3.005366726296958974e-02
3.005366726296958974e-02
3.023255813953488330e-02
3.023255813953488330e-02
3.059033989266547390e-02
3.059033989266547390e-02
3.094812164579606450e-02
3.094812164579606450e-02
3.112701252236135807e-02
3.112701252236135807e-02
3.130590339892665164e-02
3.130590339892665164e-02
3.184257602862253927e-02
3.184257602862253927e-02
3.202146690518783284e-02
3.202146690518783284e-02
3.237924865831842691e-02
3.237924865831842691e-02
3.255813953488372048e-02
3.255813953488372048e-02
3.273703041144901404e-02
3.273703041144901404e-02
3.291592128801431455e-02
3.291592128801431455e-02
3.327370304114490168e-02
3.327370304114490168e-02
3.345259391771019525e-02
3.345259391771019525e-02
3.363148479427548881e-02
3.363148479427548881e-02
3.381037567084078932e-02
3.381037567084078932e-02
3.398926654740608289e-02
3.398926654740608289e-02
3.416815742397137645e-02
3.416815742397137645e-02
3.434704830053667002e-02
3.434704830053667002e-02
3.470483005366726409e-02
3.470483005366726409e-02
3.506261180679785122e-02
3.506261180679785122e-02
3.524150268336315173e-02
3.524150268336315173e-02
3.559928443649373886e-02
3.559928443649373886e-02
3.595706618962432599e-02
3.595706618962432599e-02
3.613595706618962650e-02
3.613595706618962650e-02
3.631484794275492006e-02
3.631484794275492006e-02
3.667262969588550720e-02
3.667262969588550720e-02
3.703041144901610127e-02
3.738819320214668840e-02
3.738819320214668840e-02
3.756708407871198890e-02
3.756708407871198890e-02
3.774597495527728247e-02
3.774597495527728247e-02
3.792486583184257604e-02
3.792486583184257604e-02
3.864042933810375724e-02
3.864042933810375724e-02
3.881932021466905081e-02
3.881932021466905081e-02
3.899821109123434437e-02
3.899821109123434437e-02
3.917710196779964488e-02
3.917710196779964488e-02
3.935599284436493844e-02
3.935599284436493844e-02
3.953488372093023201e-02
3.953488372093023201e-02
3.971377459749552558e-02
3.971377459749552558e-02
3.989266547406082608e-02
3.989266547406082608e-02
4.025044722719141321e-02
4.025044722719141321e-02
4.042933810375670678e-02
4.042933810375670678e-02
4.060822898032200035e-02
4.060822898032200035e-02
4.078711985688730085e-02
4.078711985688730085e-02
4.096601073345259442e-02
4.096601073345259442e-02
4.114490161001788798e-02
4.114490161001788798e-02
4.132379248658318155e-02
4.132379248658318155e-02
4.150268336314848205e-02
4.150268336314848205e-02
4.168157423971377562e-02
4.168157423971377562e-02
4.186046511627906919e-02
4.186046511627906919e-02
4.203935599284436275e-02
4.203935599284436275e-02
4.221824686940966326e-02
4.221824686940966326e-02
4.239713774597495682e-02
4.239713774597495682e-02
4.257602862254025039e-02
4.257602862254025039e-02
4.275491949910554396e-02
4.275491949910554396e-02
4.293381037567083752e-02
4.293381037567083752e-02
4.311270125223613803e-02
4.311270125223613803e-02
4.329159212880143159e-02
4.329159212880143159e-02
4.347048300536672516e-02
4.347048300536672516e-02
4.364937388193201873e-02
4.364937388193201873e-02
4.400715563506261280e-02
4.400715563506261280e-02
4.418604651162790636e-02
4.418604651162790636e-02
4.436493738819319993e-02
4.436493738819319993e-02
4.454382826475850043e-02
4.454382826475850043e-02
4.472271914132379400e-02
4.472271914132379400e-02
4.490161001788908757e-02
4.490161001788908757e-02
4.508050089445438113e-02
4.508050089445438113e-02
4.525939177101967470e-02
4.525939177101967470e-02
4.543828264758497520e-02
4.543828264758497520e-02
4.561717352415026877e-02
4.561717352415026877e-02
4.579606440071556234e-02
4.579606440071556234e-02
4.597495527728085590e-02
4.597495527728085590e-02
4.615384615384615641e-02
4.615384615384615641e-02
4.633273703041144997e-02
4.633273703041144997e-02
4.669051878354203711e-02
4.669051878354203711e-02
4.686940966010733761e-02
4.686940966010733761e-02
4.704830053667263118e-02
4.704830053667263118e-02
4.740608228980321831e-02
4.740608228980321831e-02
4.758497316636851188e-02
4.758497316636851188e-02
4.776386404293381238e-02
4.776386404293381238e-02
4.794275491949910595e-02
4.794275491949910595e-02
4.830053667262969308e-02
4.830053667262969308e-02
4.883720930232558072e-02
4.883720930232558072e-02
4.901610017889087428e-02
4.901610017889087428e-02
4.937388193202146836e-02
4.937388193202146836e-02
4.955277280858676192e-02
4.955277280858676192e-02
4.973166368515205549e-02
4.973166368515205549e-02
4.991055456171734905e-02
4.991055456171734905e-02
5.026833631484794312e-02
5.026833631484794312e-02
5.044722719141323669e-02
5.044722719141323669e-02
5.080500894454383076e-02
5.080500894454383076e-02
5.098389982110912433e-02
5.098389982110912433e-02
5.134168157423971146e-02
5.134168157423971146e-02
5.152057245080501197e-02
5.152057245080501197e-02
5.169946332737030553e-02
5.169946332737030553e-02
5.187835420393559910e-02
5.187835420393559910e-02
5.223613595706618623e-02
5.223613595706618623e-02
5.259391771019678030e-02
5.259391771019678030e-02
5.277280858676207387e-02
5.277280858676207387e-02
5.295169946332736743e-02
5.295169946332736743e-02
5.313059033989266794e-02
5.313059033989266794e-02
5.330948121645796151e-02
5.330948121645796151e-02
5.348837209302325507e-02
5.348837209302325507e-02
5.366726296958854864e-02
5.366726296958854864e-02
5.384615384615384914e-02
5.384615384615384914e-02
5.402504472271914271e-02
5.402504472271914271e-02
5.420393559928443628e-02
5.420393559928443628e-02
5.438282647584972984e-02
5.438282647584972984e-02
5.456171735241502341e-02
5.456171735241502341e-02
5.474060822898032391e-02
5.474060822898032391e-02
5.491949910554561748e-02
5.491949910554561748e-02
5.509838998211091105e-02
5.509838998211091105e-02
5.599284436493738581e-02
5.599284436493738581e-02
5.617173524150268632e-02
5.617173524150268632e-02
5.635062611806797989e-02
5.635062611806797989e-02
5.652951699463327345e-02
5.652951699463327345e-02
5.670840787119856702e-02
5.670840787119856702e-02
5.688729874776386058e-02
5.688729874776386058e-02
5.742397137745974822e-02
5.742397137745974822e-02
5.778175313059034229e-02
5.778175313059034229e-02
5.796064400715563586e-02
5.796064400715563586e-02
5.813953488372092943e-02
5.813953488372092943e-02
5.849731663685152350e-02
5.849731663685152350e-02
5.885509838998211063e-02
5.921288014311270470e-02
5.921288014311270470e-02
5.939177101967799827e-02
5.939177101967799827e-02
5.957066189624329183e-02
5.957066189624329183e-02
5.974955277280858540e-02
5.974955277280858540e-02
5.992844364937387897e-02
5.992844364937387897e-02
6.028622540250447304e-02
6.028622540250447304e-02
6.046511627906976660e-02
6.046511627906976660e-02
6.064400715563506017e-02
6.064400715563506017e-02
6.118067978533094781e-02
6.118067978533094781e-02
6.171735241502683544e-02
6.171735241502683544e-02
6.189624329159212901e-02
6.189624329159212901e-02
6.207513416815742258e-02
6.207513416815742258e-02
6.243291592128801665e-02
6.243291592128801665e-02
6.296958855098390428e-02
6.296958855098390428e-02
6.314847942754919785e-02
6.314847942754919785e-02
6.332737030411449142e-02
6.332737030411449142e-02
6.350626118067978498e-02
6.350626118067978498e-02
6.368515205724507855e-02
6.368515205724507855e-02
6.386404293381037212e-02
6.386404293381037212e-02
6.422182468694095925e-02
6.422182468694095925e-02
6.440071556350626669e-02
6.440071556350626669e-02
6.457960644007156026e-02
6.457960644007156026e-02
6.475849731663685382e-02
6.475849731663685382e-02
6.493738819320214739e-02
6.493738819320214739e-02
6.511627906976744096e-02
6.511627906976744096e-02
6.529516994633273452e-02
6.529516994633273452e-02
6.547406082289802809e-02
6.547406082289802809e-02
6.565295169946332166e-02
6.565295169946332166e-02
6.583184257602862910e-02
6.583184257602862910e-02
6.601073345259392267e-02
6.601073345259392267e-02
6.618962432915921623e-02
6.618962432915921623e-02
6.654740608228980336e-02
6.654740608228980336e-02
6.708407871198568406e-02
6.708407871198568406e-02
6.726296958855097763e-02
6.726296958855097763e-02
6.744186046511628507e-02
6.744186046511628507e-02
6.762075134168157864e-02
6.762075134168157864e-02
6.797853309481216577e-02
6.797853309481216577e-02
6.815742397137745934e-02
6.815742397137745934e-02
6.833631484794275290e-02
6.833631484794275290e-02
6.851520572450804647e-02
6.851520572450804647e-02
6.905187835420394105e-02
6.905187835420394105e-02
6.940966010733452818e-02
6.940966010733452818e-02
6.958855098389982174e-02
6.958855098389982174e-02
6.976744186046511531e-02
6.976744186046511531e-02
6.994633273703040888e-02
6.994633273703040888e-02
7.012522361359570244e-02
7.012522361359570244e-02
7.030411449016099601e-02
7.030411449016099601e-02
7.084078711985689059e-02
7.084078711985689059e-02
7.101967799642218415e-02
7.101967799642218415e-02
7.155635062611806485e-02
7.155635062611806485e-02
7.227191413237925299e-02
7.227191413237925299e-02
7.245080500894454656e-02
7.245080500894454656e-02
7.262969588550984013e-02
7.262969588550984013e-02
7.280858676207513369e-02
7.280858676207513369e-02
7.298747763864042726e-02
7.298747763864042726e-02
7.316636851520572082e-02
7.316636851520572082e-02
7.334525939177101439e-02
7.334525939177101439e-02
7.352415026833630796e-02
7.352415026833630796e-02
7.370304114490161540e-02
7.370304114490161540e-02
7.406082289803220253e-02
7.406082289803220253e-02
7.441860465116278966e-02
7.441860465116278966e-02
7.459749552772808323e-02
7.459749552772808323e-02
7.531305903398927137e-02
7.531305903398927137e-02
7.549194991055456494e-02
7.549194991055456494e-02
7.567084078711985851e-02
7.567084078711985851e-02
7.584973166368515207e-02
7.584973166368515207e-02
7.602862254025044564e-02
7.602862254025044564e-02
7.656529516994632634e-02
7.656529516994632634e-02
7.674418604651163378e-02
7.674418604651163378e-02
7.692307692307692735e-02
7.692307692307692735e-02
7.710196779964222091e-02
7.710196779964222091e-02
7.728085867620751448e-02
7.728085867620751448e-02
7.745974955277280805e-02
7.745974955277280805e-02
7.763864042933810161e-02
7.763864042933810161e-02
7.781753130590339518e-02
7.781753130590339518e-02
7.799642218246868874e-02
7.799642218246868874e-02
7.835420393559928975e-02
7.835420393559928975e-02
7.871198568872987689e-02
7.871198568872987689e-02
7.889087656529517045e-02
7.889087656529517045e-02
7.906976744186046402e-02
7.906976744186046402e-02
7.960644007155634472e-02
7.960644007155634472e-02
7.978533094812165216e-02
7.978533094812165216e-02
7.996422182468694573e-02
7.996422182468694573e-02
8.014311270125223929e-02
8.014311270125223929e-02
8.032200357781753286e-02
8.032200357781753286e-02
8.050089445438282643e-02
8.050089445438282643e-02
8.067978533094811999e-02
8.067978533094811999e-02
8.085867620751341356e-02
8.085867620751341356e-02
8.103756708407870712e-02
8.103756708407870712e-02
8.121645796064400069e-02
8.121645796064400069e-02
8.139534883720930813e-02
8.139534883720930813e-02
8.193202146690518883e-02
8.193202146690518883e-02
8.211091234347048240e-02
8.211091234347048240e-02
8.228980322003577597e-02
8.228980322003577597e-02
8.246869409660106953e-02
8.246869409660106953e-02
8.264758497316636310e-02
8.264758497316636310e-02
8.282647584973167054e-02
8.282647584973167054e-02
8.300536672629696411e-02
8.300536672629696411e-02
8.336314847942755124e-02
8.336314847942755124e-02
8.354203935599284481e-02
8.354203935599284481e-02
8.389982110912343194e-02
8.389982110912343194e-02
8.425760286225401907e-02
8.425760286225401907e-02
8.461538461538462008e-02
8.461538461538462008e-02
8.497316636851520721e-02
8.497316636851520721e-02
8.515205724508050078e-02
8.515205724508050078e-02
8.533094812164579435e-02
8.533094812164579435e-02
8.568872987477638148e-02
8.568872987477638148e-02
8.586762075134167504e-02
8.586762075134167504e-02
8.604651162790698249e-02
8.604651162790698249e-02
8.622540250447227606e-02
8.622540250447227606e-02
8.640429338103756962e-02
8.640429338103756962e-02
8.658318425760286319e-02
8.658318425760286319e-02
8.676207513416815675e-02
8.676207513416815675e-02
8.694096601073345032e-02
8.694096601073345032e-02
8.711985688729874389e-02
8.711985688729874389e-02
8.729874776386403745e-02
8.729874776386403745e-02
8.765652951699463846e-02
8.765652951699463846e-02
8.783542039355993203e-02
8.783542039355993203e-02
8.801431127012522559e-02
8.801431127012522559e-02
8.819320214669051916e-02
8.819320214669051916e-02
8.837209302325581273e-02
8.837209302325581273e-02
8.872987477638639986e-02
8.872987477638639986e-02
8.890876565295169343e-02
8.890876565295169343e-02
8.908765652951700087e-02
8.908765652951700087e-02
8.926654740608229444e-02
8.926654740608229444e-02
8.944543828264758800e-02
8.944543828264758800e-02
8.962432915921288157e-02
8.962432915921288157e-02
8.980322003577817513e-02
8.980322003577817513e-02
8.998211091234346870e-02
8.998211091234346870e-02
9.016100178890876227e-02
9.016100178890876227e-02
9.033989266547405583e-02
9.033989266547405583e-02
9.051878354203934940e-02
9.051878354203934940e-02
9.069767441860465684e-02
9.069767441860465684e-02
9.087656529516995041e-02
9.087656529516995041e-02
9.105545617173524398e-02
9.105545617173524398e-02
9.123434704830053754e-02
9.123434704830053754e-02
9.141323792486583111e-02
9.141323792486583111e-02
9.159212880143112467e-02
9.159212880143112467e-02
9.212880143112701925e-02
9.212880143112701925e-02
9.248658318425760638e-02
9.248658318425760638e-02
9.284436493738819351e-02
9.284436493738819351e-02
9.302325581395348708e-02
9.302325581395348708e-02
9.320214669051878065e-02
9.320214669051878065e-02
9.338103756708407421e-02
9.338103756708407421e-02
9.355992844364936778e-02
9.355992844364936778e-02
9.373881932021467522e-02
9.373881932021467522e-02
9.391771019677996879e-02
9.391771019677996879e-02
9.409660107334526236e-02
9.409660107334526236e-02
9.427549194991055592e-02
9.427549194991055592e-02
9.445438282647584949e-02
9.445438282647584949e-02
9.516994633273702375e-02
9.516994633273702375e-02
9.534883720930233120e-02
9.534883720930233120e-02
9.552772808586762476e-02
9.552772808586762476e-02
9.570661896243291833e-02
9.570661896243291833e-02
9.588550983899821190e-02
9.588550983899821190e-02
9.606440071556350546e-02
9.606440071556350546e-02
9.624329159212879903e-02
9.624329159212879903e-02
9.660107334525938616e-02
9.660107334525938616e-02
9.677996422182469360e-02
9.677996422182469360e-02
9.695885509838998717e-02
9.695885509838998717e-02
9.713774597495528074e-02
9.713774597495528074e-02
9.731663685152057430e-02
9.731663685152057430e-02
9.749552772808586787e-02
9.749552772808586787e-02
9.767441860465116144e-02
9.767441860465116144e-02
9.785330948121645500e-02
9.785330948121645500e-02
9.803220035778174857e-02
9.803220035778174857e-02
9.821109123434704213e-02
9.821109123434704213e-02
9.838998211091234958e-02
9.838998211091234958e-02
9.856887298747764314e-02
9.856887298747764314e-02
9.874776386404293671e-02
9.874776386404293671e-02
9.892665474060823028e-02
9.892665474060823028e-02
9.946332737030411097e-02
9.946332737030411097e-02
1.000000000000000056e-01
1.000000000000000056e-01
1.001788908765652991e-01
1.001788908765652991e-01
1.003577817531305927e-01
1.003577817531305927e-01
1.005366726296958862e-01
1.005366726296958862e-01
1.010733452593917669e-01
1.010733452593917669e-01
1.012522361359570605e-01
1.012522361359570605e-01
1.014311270125223680e-01
1.014311270125223680e-01
1.016100178890876615e-01
1.016100178890876615e-01
1.019677996422182487e-01
1.019677996422182487e-01
1.021466905187835422e-01
1.021466905187835422e-01
1.023255813953488358e-01
1.023255813953488358e-01
1.025044722719141294e-01
1.025044722719141294e-01
1.028622540250447165e-01
1.028622540250447165e-01
1.035778175313059046e-01
1.035778175313059046e-01
1.037567084078711982e-01
1.037567084078711982e-01
1.039355992844364918e-01
1.039355992844364918e-01
1.041144901610017853e-01
1.041144901610017853e-01
1.044722719141323725e-01
1.044722719141323725e-01
1.046511627906976799e-01
1.046511627906976799e-01
1.048300536672629735e-01
1.048300536672629735e-01
1.051878354203935606e-01
1.051878354203935606e-01
1.053667262969588542e-01
1.053667262969588542e-01
1.055456171735241477e-01
1.055456171735241477e-01
1.060822898032200423e-01
1.060822898032200423e-01
1.062611806797853359e-01
1.062611806797853359e-01
1.064400715563506294e-01
1.064400715563506294e-01
1.066189624329159230e-01
1.066189624329159230e-01
1.067978533094812166e-01
1.067978533094812166e-01
1.069767441860465101e-01
1.069767441860465101e-01
1.071556350626118037e-01
1.071556350626118037e-01
1.073345259391770973e-01
1.073345259391770973e-01
1.075134168157423908e-01
1.075134168157423908e-01
1.076923076923076983e-01
1.076923076923076983e-01
1.078711985688729919e-01
1.078711985688729919e-01
1.080500894454382854e-01
1.080500894454382854e-01
1.082289803220035790e-01
1.082289803220035790e-01
1.084078711985688726e-01
1.084078711985688726e-01
1.087656529516994597e-01
1.087656529516994597e-01
1.089445438282647532e-01
1.089445438282647532e-01
1.091234347048300468e-01
1.091234347048300468e-01
1.093023255813953543e-01
1.093023255813953543e-01
1.098389982110912350e-01
1.098389982110912350e-01
1.100178890876565285e-01
1.100178890876565285e-01
1.103756708407871157e-01
1.103756708407871157e-01
1.105545617173524092e-01
1.105545617173524092e-01
1.107334525939177167e-01
1.107334525939177167e-01
1.109123434704830102e-01
1.109123434704830102e-01
1.110912343470483038e-01
1.110912343470483038e-01
1.112701252236135974e-01
1.112701252236135974e-01
1.114490161001788909e-01
1.114490161001788909e-01
1.116279069767441845e-01
1.116279069767441845e-01
1.121645796064400652e-01
1.121645796064400652e-01
1.123434704830053726e-01
1.123434704830053726e-01
1.127012522361359598e-01
1.127012522361359598e-01
1.128801431127012533e-01
1.128801431127012533e-01
1.130590339892665469e-01
1.130590339892665469e-01
1.132379248658318405e-01
1.132379248658318405e-01
1.134168157423971340e-01
1.134168157423971340e-01
1.139534883720930286e-01
1.139534883720930286e-01
1.143112701252236157e-01
1.143112701252236157e-01
1.144901610017889093e-01
1.144901610017889093e-01
1.146690518783542029e-01
1.146690518783542029e-01
1.148479427549194964e-01
1.148479427549194964e-01
1.152057245080500836e-01
1.152057245080500836e-01
1.153846153846153910e-01
1.153846153846153910e-01
1.155635062611806846e-01
1.155635062611806846e-01
1.157423971377459782e-01
1.157423971377459782e-01
1.161001788908765653e-01
1.161001788908765653e-01
1.166368515205724460e-01
1.166368515205724460e-01
1.169946332737030470e-01
1.169946332737030470e-01
1.171735241502683406e-01
1.171735241502683406e-01
1.173524150268336341e-01
1.173524150268336341e-01
1.175313059033989277e-01
1.175313059033989277e-01
1.177101967799642213e-01
1.177101967799642213e-01
1.180679785330948084e-01
1.180679785330948084e-01
1.182468694096601020e-01
1.182468694096601020e-01
1.184257602862254094e-01
1.184257602862254094e-01
1.186046511627907030e-01
1.186046511627907030e-01
1.193202146690518772e-01
1.193202146690518772e-01
1.194991055456171708e-01
1.194991055456171708e-01
1.196779964221824644e-01
1.196779964221824644e-01
1.200357781753130654e-01
1.200357781753130654e-01
1.202146690518783589e-01
1.202146690518783589e-01
1.205724508050089461e-01
1.205724508050089461e-01
1.212880143112701203e-01
1.212880143112701203e-01
1.214669051878354139e-01
1.214669051878354139e-01
1.216457960644007213e-01
1.216457960644007213e-01
1.218246869409660149e-01
1.218246869409660149e-01
1.221824686940966020e-01
1.221824686940966020e-01
1.223613595706618956e-01
1.223613595706618956e-01
1.225402504472271892e-01
1.225402504472271892e-01
1.228980322003577763e-01
1.228980322003577763e-01
1.230769230769230838e-01
1.230769230769230838e-01
1.232558139534883773e-01
1.232558139534883773e-01
1.234347048300536709e-01
1.234347048300536709e-01
1.237924865831842580e-01
1.237924865831842580e-01
1.241502683363148452e-01
1.243291592128801387e-01
1.243291592128801387e-01
1.245080500894454323e-01
1.245080500894454323e-01
1.248658318425760333e-01
1.248658318425760333e-01
1.252236135957066065e-01
1.252236135957066065e-01
1.254025044722719140e-01
1.254025044722719140e-01
1.257602862254025011e-01
1.257602862254025011e-01
1.259391771019678086e-01
1.259391771019678086e-01
1.261180679785330883e-01
1.261180679785330883e-01
1.262969588550983957e-01
1.262969588550983957e-01
1.264758497316636754e-01
1.264758497316636754e-01
1.266547406082289828e-01
1.266547406082289828e-01
1.270125223613595700e-01
1.270125223613595700e-01
1.271914132379248774e-01
1.271914132379248774e-01
1.273703041144901571e-01
1.273703041144901571e-01
1.275491949910554645e-01
1.275491949910554645e-01
1.280858676207513314e-01
1.280858676207513314e-01
1.282647584973166388e-01
1.282647584973166388e-01
1.284436493738819185e-01
1.284436493738819185e-01
1.286225402504472259e-01
1.286225402504472259e-01
1.288014311270125334e-01
1.288014311270125334e-01
1.289803220035778131e-01
1.289803220035778131e-01
1.293381037567084002e-01
1.293381037567084002e-01
1.295169946332737076e-01
1.295169946332737076e-01
1.296958855098389873e-01
1.296958855098389873e-01
1.298747763864042948e-01
1.298747763864042948e-01
1.302325581395348819e-01
1.302325581395348819e-01
1.307692307692307765e-01
1.307692307692307765e-01
1.311270125223613636e-01
1.311270125223613636e-01
1.314847942754919508e-01
1.314847942754919508e-01
1.316636851520572582e-01
1.316636851520572582e-01
1.318425760286225379e-01
1.318425760286225379e-01
1.320214669051878453e-01
1.320214669051878453e-01
1.322003577817531250e-01
1.322003577817531250e-01
1.323792486583184325e-01
1.323792486583184325e-01
1.329159212880142993e-01
1.329159212880142993e-01
1.330948121645796067e-01
1.330948121645796067e-01
1.334525939177101939e-01
1.334525939177101939e-01
1.339892665474060884e-01
1.339892665474060884e-01
1.341681574239713681e-01
1.341681574239713681e-01
1.343470483005366756e-01
1.343470483005366756e-01
1.345259391771019553e-01
1.345259391771019553e-01
1.348837209302325701e-01
1.350626118067978498e-01
1.350626118067978498e-01
1.352415026833631573e-01
1.352415026833631573e-01
1.357781753130590241e-01
1.357781753130590241e-01
1.366726296958855058e-01
1.366726296958855058e-01
1.368515205724508133e-01
1.368515205724508133e-01
1.370304114490160929e-01
1.370304114490160929e-01
1.372093023255814004e-01
1.372093023255814004e-01
1.373881932021466801e-01
1.373881932021466801e-01
1.375670840787119875e-01
1.375670840787119875e-01
1.377459749552772672e-01
1.377459749552772672e-01
1.379248658318425746e-01
1.379248658318425746e-01
1.381037567084078821e-01
1.381037567084078821e-01
1.382826475849731618e-01
1.382826475849731618e-01
1.384615384615384692e-01
1.384615384615384692e-01
1.386404293381037489e-01
1.386404293381037489e-01
1.388193202146690564e-01
1.391771019677996435e-01
1.391771019677996435e-01
1.393559928443649509e-01
1.393559928443649509e-01
1.398926654740608178e-01
1.398926654740608178e-01
1.400715563506261252e-01
1.400715563506261252e-01
1.402504472271914049e-01
1.402504472271914049e-01
1.406082289803219920e-01
1.406082289803219920e-01
1.407871198568872995e-01
1.407871198568872995e-01
1.409660107334526069e-01
1.409660107334526069e-01
1.413237924865831940e-01
1.413237924865831940e-01
1.415026833631484737e-01
1.415026833631484737e-01
1.416815742397137812e-01
1.416815742397137812e-01
1.423971377459749554e-01
1.423971377459749554e-01
1.427549194991055426e-01
1.427549194991055426e-01
1.431127012522361297e-01
1.431127012522361297e-01
1.432915921288014371e-01
1.432915921288014371e-01
1.434704830053667168e-01
1.434704830053667168e-01
1.438282647584973040e-01
1.438282647584973040e-01
1.441860465116279189e-01
1.441860465116279189e-01
1.443649373881931985e-01
1.443649373881931985e-01
1.447227191413237857e-01
1.447227191413237857e-01
1.450805008944543728e-01
1.450805008944543728e-01
1.452593917710196803e-01
1.452593917710196803e-01
1.454382826475849599e-01
1.454382826475849599e-01
1.459749552772808545e-01
1.459749552772808545e-01
1.461538461538461620e-01
1.461538461538461620e-01
1.463327370304114416e-01
1.463327370304114416e-01
1.465116279069767491e-01
1.465116279069767491e-01
1.466905187835420288e-01
1.466905187835420288e-01
1.477638640429338179e-01
1.477638640429338179e-01
1.479427549194990976e-01
1.479427549194990976e-01
1.484794275491949922e-01
1.484794275491949922e-01
1.486583184257602996e-01
1.486583184257602996e-01
1.490161001788908868e-01
1.490161001788908868e-01
1.491949910554561665e-01
1.491949910554561665e-01
1.493738819320214739e-01
1.493738819320214739e-01
1.495527728085867536e-01
1.495527728085867536e-01
1.497316636851520610e-01
1.497316636851520610e-01
1.500894454382826482e-01
1.500894454382826482e-01
1.502683363148479556e-01
1.502683363148479556e-01
1.504472271914132353e-01
1.504472271914132353e-01
1.509838998211091299e-01
1.509838998211091299e-01
1.511627906976744096e-01
1.511627906976744096e-01
1.513416815742397170e-01
1.513416815742397170e-01
1.516994633273703041e-01
1.516994633273703041e-01
1.520572450805008913e-01
1.520572450805008913e-01
1.522361359570661987e-01
1.522361359570661987e-01
1.531305903398926527e-01
1.531305903398926527e-01
1.533094812164579601e-01
1.533094812164579601e-01
1.534883720930232676e-01
1.534883720930232676e-01
1.540250447227191344e-01
1.540250447227191344e-01
1.542039355992844418e-01
1.542039355992844418e-01
1.543828264758497215e-01
1.543828264758497215e-01
1.545617173524150290e-01
1.545617173524150290e-01
1.547406082289803086e-01
1.547406082289803086e-01
1.550983899821109235e-01
1.550983899821109235e-01
1.552772808586762032e-01
1.552772808586762032e-01
1.554561717352415107e-01
1.554561717352415107e-01
1.558139534883720978e-01
1.558139534883720978e-01
1.563506261180679924e-01
1.563506261180679924e-01
1.565295169946332721e-01
1.565295169946332721e-01
1.567084078711985795e-01
1.567084078711985795e-01
1.570661896243291666e-01
1.570661896243291666e-01
1.574239713774597538e-01
1.574239713774597538e-01
1.576028622540250335e-01
1.576028622540250335e-01
1.577817531305903409e-01
1.577817531305903409e-01
1.579606440071556483e-01
1.579606440071556483e-01
1.581395348837209280e-01
1.581395348837209280e-01
1.583184257602862355e-01
1.583184257602862355e-01
1.588550983899821023e-01
1.588550983899821023e-01
1.592128801431126894e-01
1.592128801431126894e-01
1.595706618962433043e-01
1.595706618962433043e-01
1.597495527728085840e-01
1.597495527728085840e-01
1.599284436493738915e-01
1.599284436493738915e-01
1.602862254025044786e-01
1.602862254025044786e-01
1.606440071556350657e-01
1.606440071556350657e-01
1.608228980322003454e-01
1.608228980322003454e-01
1.610017889087656529e-01
1.610017889087656529e-01
1.613595706618962400e-01
1.613595706618962400e-01
1.615384615384615474e-01
1.615384615384615474e-01
1.617173524150268271e-01
1.617173524150268271e-01
1.618962432915921346e-01
1.618962432915921346e-01
1.620751341681574142e-01
1.620751341681574142e-01
1.624329159212880014e-01
1.624329159212880014e-01
1.631484794275492034e-01
1.631484794275492034e-01
1.635062611806797905e-01
1.635062611806797905e-01
1.642218246869409648e-01
1.642218246869409648e-01
1.645796064400715519e-01
1.645796064400715519e-01
1.647584973166368594e-01
1.647584973166368594e-01
1.649373881932021391e-01
1.649373881932021391e-01
1.651162790697674465e-01
1.651162790697674465e-01
1.654740608228980336e-01
1.654740608228980336e-01
1.658318425760286208e-01
1.658318425760286208e-01
1.660107334525939282e-01
1.660107334525939282e-01
1.663685152057245153e-01
1.663685152057245153e-01
1.667262969588551025e-01
1.667262969588551025e-01
1.670840787119856896e-01
1.670840787119856896e-01
1.674418604651162767e-01
1.674418604651162767e-01
1.677996422182468639e-01
1.677996422182468639e-01
1.681574239713774510e-01
1.681574239713774510e-01
1.683363148479427585e-01
1.683363148479427585e-01
1.686940966010733456e-01
1.686940966010733456e-01
1.688729874776386530e-01
1.688729874776386530e-01
1.690518783542039327e-01
1.690518783542039327e-01
1.692307692307692402e-01
1.692307692307692402e-01
1.694096601073345199e-01
1.694096601073345199e-01
1.697674418604651070e-01
1.697674418604651070e-01
1.699463327370304144e-01
1.699463327370304144e-01
1.701252236135956941e-01
1.701252236135956941e-01
1.704830053667263090e-01
1.704830053667263090e-01
1.706618962432915887e-01
1.706618962432915887e-01
1.708407871198568961e-01
1.708407871198568961e-01
1.710196779964221758e-01
1.710196779964221758e-01
1.711985688729874833e-01
1.711985688729874833e-01
1.713774597495527630e-01
1.713774597495527630e-01
1.717352415026833501e-01
1.717352415026833501e-01
1.719141323792486575e-01
1.719141323792486575e-01
1.722719141323792447e-01
1.722719141323792447e-01
1.724508050089445521e-01
1.724508050089445521e-01
1.728085867620751392e-01
1.728085867620751392e-01
1.729874776386404189e-01
1.729874776386404189e-01
1.738819320214669006e-01
1.738819320214669006e-01
1.740608228980322081e-01
1.740608228980322081e-01
1.742397137745974878e-01
1.742397137745974878e-01
1.744186046511627952e-01
1.744186046511627952e-01
1.745974955277280749e-01
1.745974955277280749e-01
1.751341681574239695e-01
1.751341681574239695e-01
1.753130590339892769e-01
1.753130590339892769e-01
1.758497316636851437e-01
1.758497316636851437e-01
1.762075134168157309e-01
1.762075134168157309e-01
1.763864042933810383e-01
1.763864042933810383e-01
1.771019677996422126e-01
1.771019677996422126e-01
1.774597495527727997e-01
1.774597495527727997e-01
1.776386404293381072e-01
1.776386404293381072e-01
1.781753130590340017e-01
1.781753130590340017e-01
1.788908765652951760e-01
1.788908765652951760e-01
1.790697674418604557e-01
1.790697674418604557e-01
1.796064400715563503e-01
1.796064400715563503e-01
1.799642218246869374e-01
1.799642218246869374e-01
1.801431127012522448e-01
1.801431127012522448e-01
1.803220035778175245e-01
1.803220035778175245e-01
1.805008944543828320e-01
1.805008944543828320e-01
1.806797853309481117e-01
1.806797853309481117e-01
1.812164579606440062e-01
1.812164579606440062e-01
1.813953488372093137e-01
1.813953488372093137e-01
1.815742397137745934e-01
1.815742397137745934e-01
1.819320214669051805e-01
1.819320214669051805e-01
1.821109123434704880e-01
1.821109123434704880e-01
1.824686940966010751e-01
1.824686940966010751e-01
1.826475849731663548e-01
1.826475849731663548e-01
1.833631484794275568e-01
1.833631484794275568e-01
1.837209302325581439e-01
1.837209302325581439e-01
1.838998211091234236e-01
1.838998211091234236e-01
1.840787119856887311e-01
1.840787119856887311e-01
1.842576028622540385e-01
1.842576028622540385e-01
1.844364937388193182e-01
1.844364937388193182e-01
1.846153846153846256e-01
1.846153846153846256e-01
1.849731663685152128e-01
1.849731663685152128e-01
1.851520572450804925e-01
1.851520572450804925e-01
1.856887298747763870e-01
1.856887298747763870e-01
1.860465116279069742e-01
1.860465116279069742e-01
1.865831842576028687e-01
1.865831842576028687e-01
1.869409660107334559e-01
1.869409660107334559e-01
1.872987477638640430e-01
1.872987477638640430e-01
1.874776386404293504e-01
1.874776386404293504e-01
1.878354203935599376e-01
1.878354203935599376e-01
1.881932021466905247e-01
1.881932021466905247e-01
1.883720930232558044e-01
1.883720930232558044e-01
1.892665474060822861e-01
1.892665474060822861e-01
1.898032200357781807e-01
1.898032200357781807e-01
1.899821109123434604e-01
1.899821109123434604e-01
1.901610017889087678e-01
1.901610017889087678e-01
1.903398926654740475e-01
1.903398926654740475e-01
1.906976744186046624e-01
1.906976744186046624e-01
1.912343470483005292e-01
1.912343470483005292e-01
1.914132379248658367e-01
1.914132379248658367e-01
1.915921288014311163e-01
1.915921288014311163e-01
1.917710196779964238e-01
1.917710196779964238e-01
1.919499105545617035e-01
1.919499105545617035e-01
1.921288014311270109e-01
1.921288014311270109e-01
1.923076923076923184e-01
1.923076923076923184e-01
1.924865831842575981e-01
1.924865831842575981e-01
1.926654740608229055e-01
1.926654740608229055e-01
1.928443649373881852e-01
1.928443649373881852e-01
1.930232558139534926e-01
1.930232558139534926e-01
1.933810375670840798e-01
1.933810375670840798e-01
1.935599284436493872e-01
1.935599284436493872e-01
1.939177101967799743e-01
1.939177101967799743e-01
1.940966010733452540e-01
1.940966010733452540e-01
1.946332737030411486e-01
1.946332737030411486e-01
1.948121645796064283e-01
1.948121645796064283e-01
1.949910554561717357e-01
1.949910554561717357e-01
1.951699463327370432e-01
1.951699463327370432e-01
1.958855098389982174e-01
1.958855098389982174e-01
1.960644007155634971e-01
1.960644007155634971e-01
1.964221824686940843e-01
1.964221824686940843e-01
1.967799642218246992e-01
1.967799642218246992e-01
1.969588550983899788e-01
1.969588550983899788e-01
1.971377459749552863e-01
1.971377459749552863e-01
1.973166368515205660e-01
1.973166368515205660e-01
1.976744186046511531e-01
1.976744186046511531e-01
1.982110912343470477e-01
1.982110912343470477e-01
1.983899821109123551e-01
1.983899821109123551e-01
1.992844364937388091e-01
1.992844364937388091e-01
1.998211091234347037e-01
1.998211091234347037e-01
2.000000000000000111e-01
2.000000000000000111e-01
2.001788908765652908e-01
2.001788908765652908e-01
2.003577817531305982e-01
2.003577817531305982e-01
2.017889087656529468e-01
2.017889087656529468e-01
2.021466905187835339e-01
2.021466905187835339e-01
2.023255813953488413e-01
2.023255813953488413e-01
2.026833631484794285e-01
2.026833631484794285e-01
2.028622540250447359e-01
2.028622540250447359e-01
2.032200357781753230e-01
2.032200357781753230e-01
2.035778175313059102e-01
2.035778175313059102e-01
2.041144901610017770e-01
2.041144901610017770e-01
2.046511627906976716e-01
2.046511627906976716e-01
2.051878354203935662e-01
2.051878354203935662e-01
2.053667262969588458e-01
2.053667262969588458e-01
2.055456171735241533e-01
2.055456171735241533e-01
2.057245080500894330e-01
2.057245080500894330e-01
2.059033989266547404e-01
2.059033989266547404e-01
2.062611806797853276e-01
2.062611806797853276e-01
2.067978533094812221e-01
2.067978533094812221e-01
2.071556350626118093e-01
2.071556350626118093e-01
2.075134168157423964e-01
2.075134168157423964e-01
2.076923076923077038e-01
2.076923076923077038e-01
2.078711985688729835e-01
2.078711985688729835e-01
2.084078711985688781e-01
2.084078711985688781e-01
2.087656529516994652e-01
2.087656529516994652e-01
2.089445438282647449e-01
2.089445438282647449e-01
2.091234347048300524e-01
2.091234347048300524e-01
2.093023255813953598e-01
2.093023255813953598e-01
2.096601073345259469e-01
2.096601073345259469e-01
2.098389982110912266e-01
2.098389982110912266e-01
2.100178890876565341e-01
2.100178890876565341e-01
2.103756708407871212e-01
2.103756708407871212e-01
2.110912343470482955e-01
2.110912343470482955e-01
2.114490161001788826e-01
2.114490161001788826e-01
2.116279069767441900e-01
2.116279069767441900e-01
2.118067978533094697e-01
2.118067978533094697e-01
2.121645796064400846e-01
2.121645796064400846e-01
2.123434704830053643e-01
2.123434704830053643e-01
2.125223613595706718e-01
2.125223613595706718e-01
2.127012522361359514e-01
2.127012522361359514e-01
2.128801431127012589e-01
2.128801431127012589e-01
2.134168157423971257e-01
2.134168157423971257e-01
2.139534883720930203e-01
2.139534883720930203e-01
2.143112701252236074e-01
2.143112701252236074e-01
2.144901610017889149e-01
2.144901610017889149e-01
2.146690518783541946e-01
2.146690518783541946e-01
2.148479427549195020e-01
2.148479427549195020e-01
2.152057245080500891e-01
2.152057245080500891e-01
2.157423971377459837e-01
2.157423971377459837e-01
2.162790697674418505e-01
2.162790697674418505e-01
2.164579606440071580e-01
2.164579606440071580e-01
2.166368515205724377e-01
2.166368515205724377e-01
2.168157423971377451e-01
2.168157423971377451e-01
2.173524150268336397e-01
2.173524150268336397e-01
2.177101967799642268e-01
2.177101967799642268e-01
2.178890876565295065e-01
2.178890876565295065e-01
2.180679785330948139e-01
2.180679785330948139e-01
2.182468694096600936e-01
2.182468694096600936e-01
2.184257602862254011e-01
2.184257602862254011e-01
2.186046511627907085e-01
2.186046511627907085e-01
2.187835420393559882e-01
2.187835420393559882e-01
2.191413237924865753e-01
2.193202146690518828e-01
2.193202146690518828e-01
2.196779964221824699e-01
2.196779964221824699e-01
2.198568872987477774e-01
2.198568872987477774e-01
2.202146690518783645e-01
2.202146690518783645e-01
2.203935599284436442e-01
2.203935599284436442e-01
2.209302325581395388e-01
2.209302325581395388e-01
2.212880143112701259e-01
2.212880143112701259e-01
2.214669051878354333e-01
2.214669051878354333e-01
2.218246869409660205e-01
2.218246869409660205e-01
2.221824686940966076e-01
2.223613595706618873e-01
2.223613595706618873e-01
2.225402504472271947e-01
2.225402504472271947e-01
2.227191413237924744e-01
2.227191413237924744e-01
2.228980322003577819e-01
2.228980322003577819e-01
2.237924865831842636e-01
2.237924865831842636e-01
2.239713774597495433e-01
2.239713774597495433e-01
2.241502683363148507e-01
2.241502683363148507e-01
2.243291592128801304e-01
2.243291592128801304e-01
2.250447227191413324e-01
2.250447227191413324e-01
2.259391771019677864e-01
2.259391771019677864e-01
2.261180679785330938e-01
2.261180679785330938e-01
2.266547406082289884e-01
2.266547406082289884e-01
2.268336314847942681e-01
2.268336314847942681e-01
2.273703041144901627e-01
2.273703041144901627e-01
2.275491949910554423e-01
2.275491949910554423e-01
2.277280858676207498e-01
2.277280858676207498e-01
2.280858676207513369e-01
2.280858676207513369e-01
2.282647584973166444e-01
2.282647584973166444e-01
2.284436493738819240e-01
2.284436493738819240e-01
2.286225402504472315e-01
2.286225402504472315e-01
2.291592128801431261e-01
2.291592128801431261e-01
2.293381037567084058e-01
2.293381037567084058e-01
2.296958855098389929e-01
2.296958855098389929e-01
2.298747763864043003e-01
2.298747763864043003e-01
2.300536672629695800e-01
2.300536672629695800e-01
2.302325581395348875e-01
2.302325581395348875e-01
2.304114490161001672e-01
2.304114490161001672e-01
2.305903398926654746e-01
2.305903398926654746e-01
2.307692307692307820e-01
2.307692307692307820e-01
2.309481216457960617e-01
2.309481216457960617e-01
2.313059033989266489e-01
2.313059033989266489e-01
2.314847942754919563e-01
2.314847942754919563e-01
2.318425760286225434e-01
2.318425760286225434e-01
2.323792486583184380e-01
2.323792486583184380e-01
2.327370304114490251e-01
2.329159212880143048e-01
2.329159212880143048e-01
2.330948121645796123e-01
2.330948121645796123e-01
2.332737030411448920e-01
2.332737030411448920e-01
2.334525939177101994e-01
2.334525939177101994e-01
2.336314847942754791e-01
2.336314847942754791e-01
2.338103756708407865e-01
2.338103756708407865e-01
2.339892665474060940e-01
2.339892665474060940e-01
2.343470483005366811e-01
2.343470483005366811e-01
2.345259391771019608e-01
2.345259391771019608e-01
2.348837209302325479e-01
2.348837209302325479e-01
2.350626118067978554e-01
2.350626118067978554e-01
2.354203935599284425e-01
2.354203935599284425e-01
2.357781753130590296e-01
2.357781753130590296e-01
2.366726296958855114e-01
2.366726296958855114e-01
2.370304114490160985e-01
2.370304114490160985e-01
2.372093023255814059e-01
2.372093023255814059e-01
2.373881932021466856e-01
2.373881932021466856e-01
2.377459749552772728e-01
2.377459749552772728e-01
2.379248658318425802e-01
2.379248658318425802e-01
2.381037567084078599e-01
2.381037567084078599e-01
2.388193202146690619e-01
2.388193202146690619e-01
2.395348837209302362e-01
2.395348837209302362e-01
2.398926654740608233e-01
2.398926654740608233e-01
2.400715563506261307e-01
2.400715563506261307e-01
2.404293381037567179e-01
2.404293381037567179e-01
2.406082289803219976e-01
2.406082289803219976e-01
2.407871198568873050e-01
2.407871198568873050e-01
2.411449016100178921e-01
2.411449016100178921e-01
2.415026833631484793e-01
2.415026833631484793e-01
2.416815742397137867e-01
2.416815742397137867e-01
2.420393559928443739e-01
2.420393559928443739e-01
2.422182468694096535e-01
2.422182468694096535e-01
2.423971377459749610e-01
2.423971377459749610e-01
2.427549194991055481e-01
2.427549194991055481e-01
2.429338103756708278e-01
2.429338103756708278e-01
2.431127012522361353e-01
2.431127012522361353e-01
2.432915921288014427e-01
2.432915921288014427e-01
2.434704830053667224e-01
2.434704830053667224e-01
2.438282647584973095e-01
2.438282647584973095e-01
2.440071556350626170e-01
2.440071556350626170e-01
2.441860465116278966e-01
2.441860465116278966e-01
2.443649373881932041e-01
2.443649373881932041e-01
2.447227191413237912e-01
2.447227191413237912e-01
2.449016100178890987e-01
2.449016100178890987e-01
2.452593917710196858e-01
2.452593917710196858e-01
2.459749552772808601e-01
2.459749552772808601e-01
2.461538461538461675e-01
2.461538461538461675e-01
2.463327370304114472e-01
2.463327370304114472e-01
2.465116279069767546e-01
2.465116279069767546e-01
2.466905187835420343e-01
2.466905187835420343e-01
2.468694096601073418e-01
2.468694096601073418e-01
2.472271914132379289e-01
2.475849731663685160e-01
2.475849731663685160e-01
2.477638640429338235e-01
2.477638640429338235e-01
2.479427549194991032e-01
2.479427549194991032e-01
2.481216457960644106e-01
2.481216457960644106e-01
2.483005366726296903e-01
2.483005366726296903e-01
2.484794275491949977e-01
2.484794275491949977e-01
2.488372093023255849e-01
2.488372093023255849e-01
2.491949910554561720e-01
2.491949910554561720e-01
2.493738819320214795e-01
2.493738819320214795e-01
2.497316636851520666e-01
2.497316636851520666e-01
2.499105545617173463e-01
2.499105545617173463e-01
2.500894454382826537e-01
2.500894454382826537e-01
2.502683363148479612e-01
2.502683363148479612e-01
2.504472271914132131e-01
2.504472271914132131e-01
2.506261180679785205e-01
2.506261180679785205e-01
2.508050089445438280e-01
2.508050089445438280e-01
2.511627906976744429e-01
2.511627906976744429e-01
2.513416815742396948e-01
2.513416815742396948e-01
2.538461538461538325e-01
2.538461538461538325e-01
2.542039355992844474e-01
2.542039355992844474e-01
2.543828264758497548e-01
2.543828264758497548e-01
2.547406082289803142e-01
2.547406082289803142e-01
2.556350626118067959e-01
2.556350626118067959e-01
2.558139534883721034e-01
2.558139534883721034e-01
2.561717352415026627e-01
2.561717352415026627e-01
2.563506261180679702e-01
2.563506261180679702e-01
2.565295169946332776e-01
2.565295169946332776e-01
2.567084078711985851e-01
2.567084078711985851e-01
2.568872987477638370e-01
2.568872987477638370e-01
2.570661896243291444e-01
2.570661896243291444e-01
2.572450805008944519e-01
2.572450805008944519e-01
2.574239713774597593e-01
2.574239713774597593e-01
2.577817531305903187e-01
2.577817531305903187e-01
2.579606440071556261e-01
2.579606440071556261e-01
2.584973166368514930e-01
2.584973166368514930e-01
2.590339892665474153e-01
2.590339892665474153e-01
2.592128801431127227e-01
2.592128801431127227e-01
2.593917710196779747e-01
2.593917710196779747e-01
2.595706618962432821e-01
2.595706618962432821e-01
2.601073345259392045e-01
2.601073345259392045e-01
2.602862254025044564e-01
2.602862254025044564e-01
2.606440071556350713e-01
2.606440071556350713e-01
2.608228980322003787e-01
2.608228980322003787e-01
2.613595706618962455e-01
2.613595706618962455e-01
2.617173524150268604e-01
2.617173524150268604e-01
2.618962432915921124e-01
2.618962432915921124e-01
2.620751341681574198e-01
2.620751341681574198e-01
2.622540250447227272e-01
2.622540250447227272e-01
2.626118067978532866e-01
2.626118067978532866e-01
2.629695885509839015e-01
2.629695885509839015e-01
2.631484794275492090e-01
2.631484794275492090e-01
2.633273703041145164e-01
2.633273703041145164e-01
2.635062611806797683e-01
2.635062611806797683e-01
2.636851520572450758e-01
2.636851520572450758e-01
2.638640429338103832e-01
2.638640429338103832e-01
2.651162790697674243e-01
2.651162790697674243e-01
2.656529516994633466e-01
2.656529516994633466e-01
2.660107334525939060e-01
2.660107334525939060e-01
2.661896243291592135e-01
2.661896243291592135e-01
2.663685152057245209e-01
2.663685152057245209e-01
2.670840787119856952e-01
2.670840787119856952e-01
2.672629695885510026e-01
2.672629695885510026e-01
2.674418604651162545e-01
2.674418604651162545e-01
2.677996422182468694e-01
2.677996422182468694e-01
2.679785330948121769e-01
2.679785330948121769e-01
2.686940966010733511e-01
2.686940966010733511e-01
2.690518783542039105e-01
2.690518783542039105e-01
2.692307692307692180e-01
2.692307692307692180e-01
2.694096601073345254e-01
2.694096601073345254e-01
2.695885509838998328e-01
2.695885509838998328e-01
2.699463327370303922e-01
2.699463327370303922e-01
2.701252236135956997e-01
2.701252236135956997e-01
2.708407871198568739e-01
2.708407871198568739e-01
2.710196779964221814e-01
2.710196779964221814e-01
2.715563506261180482e-01
2.715563506261180482e-01
2.719141323792486631e-01
2.719141323792486631e-01
2.720930232558139705e-01
2.720930232558139705e-01
2.724508050089445299e-01
2.724508050089445299e-01
2.726296958855098373e-01
2.726296958855098373e-01
2.728085867620751448e-01
2.728085867620751448e-01
2.729874776386404522e-01
2.729874776386404522e-01
2.735241502683363191e-01
2.735241502683363191e-01
2.744186046511628008e-01
2.744186046511628008e-01
2.745974955277281082e-01
2.745974955277281082e-01
2.758497316636851493e-01
2.758497316636851493e-01
2.765652951699463236e-01
2.765652951699463236e-01
2.767441860465116310e-01
2.767441860465116310e-01
2.772808586762074978e-01
2.772808586762074978e-01
2.776386404293381127e-01
2.776386404293381127e-01
2.779964221824686721e-01
2.779964221824686721e-01
2.783542039355992870e-01
2.783542039355992870e-01
2.787119856887299019e-01
2.787119856887299019e-01
2.788908765652951538e-01
2.788908765652951538e-01
2.790697674418604612e-01
2.790697674418604612e-01
2.794275491949910761e-01
2.794275491949910761e-01
2.797853309481216355e-01
2.797853309481216355e-01
2.803220035778175578e-01
2.803220035778175578e-01
2.806797853309481172e-01
2.806797853309481172e-01
2.808586762075134247e-01
2.808586762075134247e-01
2.815742397137745989e-01
2.815742397137745989e-01
2.817531305903399064e-01
2.817531305903399064e-01
2.819320214669052138e-01
2.819320214669052138e-01
2.821109123434704657e-01
2.821109123434704657e-01
2.822898032200357732e-01
2.822898032200357732e-01
2.824686940966010806e-01
2.824686940966010806e-01
2.826475849731663881e-01
2.826475849731663881e-01
2.838998211091234292e-01
2.838998211091234292e-01
2.840787119856887366e-01
2.840787119856887366e-01
2.844364937388192960e-01
2.844364937388192960e-01
2.846153846153846034e-01
2.846153846153846034e-01
2.851520572450805258e-01
2.851520572450805258e-01
2.853309481216457777e-01
2.853309481216457777e-01
2.858676207513417000e-01
2.858676207513417000e-01
2.860465116279069520e-01
2.860465116279069520e-01
2.862254025044722594e-01
2.862254025044722594e-01
2.865831842576028743e-01
2.865831842576028743e-01
2.871198568872987411e-01
2.871198568872987411e-01
2.872987477638640486e-01
2.872987477638640486e-01
2.878354203935599154e-01
2.878354203935599154e-01
2.885509838998210896e-01
2.885509838998210896e-01
2.889087656529517045e-01
2.889087656529517045e-01
2.898032200357781862e-01
2.898032200357781862e-01
2.901610017889087456e-01
2.901610017889087456e-01
2.906976744186046679e-01
2.906976744186046679e-01
2.908765652951699199e-01
2.908765652951699199e-01
2.919499105545617090e-01
2.919499105545617090e-01
2.926654740608228833e-01
2.926654740608228833e-01
2.932021466905188056e-01
2.932021466905188056e-01
2.937388193202146724e-01
2.937388193202146724e-01
2.942754919499105393e-01
2.942754919499105393e-01
2.946332737030411542e-01
2.946332737030411542e-01
2.948121645796064616e-01
2.948121645796064616e-01
2.949910554561717135e-01
2.949910554561717135e-01
2.964221824686941176e-01
2.964221824686941176e-01
2.967799642218246770e-01
2.967799642218246770e-01
2.971377459749552918e-01
2.971377459749552918e-01
2.978533094812164661e-01
2.978533094812164661e-01
2.985688729874776404e-01
2.985688729874776404e-01
2.989266547406082553e-01
2.989266547406082553e-01
2.992844364937388146e-01
2.992844364937388146e-01
2.994633273703041221e-01
2.994633273703041221e-01
3.001788908765652963e-01
3.001788908765652963e-01
3.005366726296959112e-01
3.007155635062611632e-01
3.007155635062611632e-01
3.010733452593917781e-01
3.010733452593917781e-01
3.014311270125223374e-01
3.014311270125223374e-01
3.016100178890876449e-01
3.016100178890876449e-01
3.017889087656529523e-01
3.017889087656529523e-01
3.021466905187835672e-01
3.021466905187835672e-01
3.025044722719141266e-01
3.025044722719141266e-01
3.030411449016099934e-01
3.030411449016099934e-01
3.032200357781753008e-01
3.032200357781753008e-01
3.039355992844364751e-01
3.039355992844364751e-01
3.046511627906976494e-01
3.046511627906976494e-01
3.048300536672629568e-01
3.048300536672629568e-01
3.050089445438282643e-01
3.050089445438282643e-01
3.057245080500894385e-01
3.057245080500894385e-01
3.060822898032200534e-01
3.060822898032200534e-01
3.064400715563506128e-01
3.064400715563506128e-01
3.067978533094812277e-01
3.067978533094812277e-01
3.069767441860465351e-01
3.069767441860465351e-01
3.071556350626117871e-01
3.071556350626117871e-01
3.078711985688729613e-01
3.078711985688729613e-01
3.080500894454382688e-01
3.080500894454382688e-01
3.082289803220035762e-01
3.082289803220035762e-01
3.084078711985688837e-01
3.084078711985688837e-01
3.091234347048300579e-01
3.091234347048300579e-01
3.094812164579606173e-01
3.094812164579606173e-01
3.096601073345259247e-01
3.096601073345259247e-01
3.098389982110912322e-01
3.098389982110912322e-01
3.101967799642218471e-01
3.101967799642218471e-01
3.105545617173524064e-01
3.105545617173524064e-01
3.110912343470482733e-01
3.114490161001788882e-01
3.114490161001788882e-01
3.118067978533095030e-01
3.118067978533095030e-01
3.121645796064400624e-01
3.121645796064400624e-01
3.123434704830053699e-01
3.123434704830053699e-01
3.128801431127012367e-01
3.128801431127012367e-01
3.132379248658318516e-01
3.132379248658318516e-01
3.137745974955277184e-01
3.137745974955277184e-01
3.139534883720930258e-01
3.139534883720930258e-01
3.141323792486583333e-01
3.141323792486583333e-01
3.143112701252236407e-01
3.146690518783542001e-01
3.150268336314848150e-01
3.150268336314848150e-01
3.155635062611806818e-01
3.155635062611806818e-01
3.159212880143112967e-01
3.159212880143112967e-01
3.169946332737030303e-01
3.169946332737030303e-01
3.171735241502683378e-01
3.171735241502683378e-01
3.175313059033989527e-01
3.175313059033989527e-01
3.177101967799642046e-01
3.177101967799642046e-01
3.182468694096601269e-01
3.182468694096601269e-01
3.193202146690518606e-01
3.193202146690518606e-01
3.194991055456171680e-01
3.194991055456171680e-01
3.196779964221824755e-01
3.196779964221824755e-01
3.198568872987477829e-01
3.198568872987477829e-01
3.200357781753130348e-01
3.200357781753130348e-01
3.202146690518783423e-01
3.202146690518783423e-01
3.207513416815742646e-01
3.207513416815742646e-01
3.212880143112701314e-01
3.212880143112701314e-01
3.218246869409659983e-01
3.218246869409659983e-01
3.220035778175313057e-01
3.220035778175313057e-01
3.225402504472271725e-01
3.225402504472271725e-01
3.228980322003577874e-01
3.228980322003577874e-01
3.234347048300536542e-01
3.234347048300536542e-01
3.236135957066189617e-01
3.236135957066189617e-01
3.237924865831842691e-01
3.237924865831842691e-01
3.239713774597495766e-01
3.239713774597495766e-01
3.241502683363148285e-01
3.241502683363148285e-01
3.243291592128801359e-01
3.243291592128801359e-01
3.245080500894454434e-01
3.252236135957066177e-01
3.252236135957066177e-01
3.257602862254024845e-01
3.257602862254024845e-01
3.259391771019677919e-01
3.259391771019677919e-01
3.264758497316636587e-01
3.264758497316636587e-01
3.266547406082289662e-01
3.266547406082289662e-01
3.268336314847942736e-01
3.268336314847942736e-01
3.271914132379248885e-01
3.271914132379248885e-01
3.275491949910554479e-01
3.275491949910554479e-01
3.282647584973166222e-01
3.282647584973166222e-01
3.284436493738819296e-01
3.284436493738819296e-01
3.286225402504472370e-01
3.286225402504472370e-01
3.288014311270125445e-01
3.288014311270125445e-01
3.289803220035777964e-01
3.289803220035777964e-01
3.291592128801431039e-01
3.291592128801431039e-01
3.295169946332737188e-01
3.295169946332737188e-01
3.296958855098389707e-01
3.296958855098389707e-01
3.300536672629695856e-01
3.300536672629695856e-01
3.302325581395348930e-01
3.302325581395348930e-01
3.307692307692307598e-01
3.307692307692307598e-01
3.309481216457960673e-01
3.309481216457960673e-01
3.313059033989266822e-01
3.313059033989266822e-01
3.323792486583184158e-01
3.323792486583184158e-01
3.325581395348837233e-01
3.325581395348837233e-01
3.330948121645795901e-01
3.330948121645795901e-01
3.338103756708407643e-01
3.338103756708407643e-01
3.339892665474060718e-01
3.339892665474060718e-01
3.343470483005366867e-01
3.343470483005366867e-01
3.348837209302325535e-01
3.348837209302325535e-01
3.352415026833631684e-01
3.352415026833631684e-01
3.357781753130590352e-01
3.357781753130590352e-01
3.361359570661896501e-01
3.361359570661896501e-01
3.363148479427549020e-01
3.363148479427549020e-01
3.364937388193202095e-01
3.364937388193202095e-01
3.368515205724508244e-01
3.372093023255813837e-01
3.382826475849731729e-01
3.382826475849731729e-01
3.386404293381037323e-01
3.386404293381037323e-01
3.389982110912343471e-01
3.389982110912343471e-01
3.397137745974955214e-01
3.397137745974955214e-01
3.398926654740608289e-01
3.398926654740608289e-01
3.402504472271913882e-01
3.402504472271913882e-01
3.407871198568873106e-01
3.407871198568873106e-01
3.413237924865831774e-01
3.413237924865831774e-01
3.418604651162790442e-01
3.418604651162790442e-01
3.427549194991055259e-01
3.427549194991055259e-01
3.431127012522361408e-01
3.431127012522361408e-01
3.432915921288014482e-01
3.432915921288014482e-01
3.434704830053667002e-01
3.434704830053667002e-01
3.436493738819320076e-01
3.436493738819320076e-01
3.443649373881931819e-01
3.447227191413237968e-01
3.447227191413237968e-01
3.456171735241502785e-01
3.456171735241502785e-01
3.457960644007155859e-01
3.457960644007155859e-01
3.459749552772808379e-01
3.459749552772808379e-01
3.461538461538461453e-01
3.461538461538461453e-01
3.472271914132379345e-01
3.472271914132379345e-01
3.479427549194991087e-01
3.479427549194991087e-01
3.481216457960644162e-01
3.481216457960644162e-01
3.483005366726297236e-01
3.483005366726297236e-01
3.486583184257602830e-01
3.486583184257602830e-01
3.491949910554561498e-01
3.491949910554561498e-01
3.495527728085867647e-01
3.495527728085867647e-01
3.500894454382826315e-01
3.500894454382826315e-01
3.506261180679785538e-01
3.506261180679785538e-01
3.508050089445438058e-01
3.508050089445438058e-01
3.509838998211091132e-01
3.509838998211091132e-01
3.515205724508050356e-01
3.515205724508050356e-01
3.516994633273702875e-01
3.516994633273702875e-01
3.520572450805009024e-01
3.520572450805009024e-01
3.527728085867620766e-01
3.527728085867620766e-01
3.531305903398926915e-01
3.531305903398926915e-01
3.533094812164579435e-01
3.533094812164579435e-01
3.538461538461538658e-01
3.538461538461538658e-01
3.543828264758497326e-01
3.543828264758497326e-01
3.547406082289803475e-01
3.547406082289803475e-01
3.552772808586762143e-01
3.552772808586762143e-01
3.558139534883720811e-01
3.558139534883720811e-01
3.559928443649373886e-01
3.559928443649373886e-01
3.565295169946332554e-01
3.565295169946332554e-01
3.568872987477638703e-01
3.568872987477638703e-01
3.570661896243291777e-01
3.570661896243291777e-01
3.572450805008944297e-01
3.572450805008944297e-01
3.576028622540250446e-01
3.576028622540250446e-01
3.579606440071556595e-01
3.579606440071556595e-01
3.584973166368515263e-01
3.584973166368515263e-01
3.593917710196780080e-01
3.593917710196780080e-01
3.595706618962433154e-01
3.595706618962433154e-01
3.597495527728085674e-01
3.597495527728085674e-01
3.599284436493738748e-01
3.599284436493738748e-01
3.617173524150268382e-01
3.617173524150268382e-01
3.620751341681573976e-01
3.620751341681573976e-01
3.624329159212880125e-01
3.624329159212880125e-01
3.626118067978533199e-01
3.626118067978533199e-01
3.627906976744186274e-01
3.627906976744186274e-01
3.631484794275491867e-01
3.631484794275491867e-01
3.636851520572450536e-01
3.636851520572450536e-01
3.638640429338103610e-01
3.638640429338103610e-01
3.644007155635062833e-01
3.644007155635062833e-01
3.649373881932021502e-01
3.649373881932021502e-01
3.651162790697674576e-01
3.651162790697674576e-01
3.652951699463327095e-01
3.652951699463327095e-01
3.658318425760286319e-01
3.658318425760286319e-01
3.665474060822898061e-01
3.665474060822898061e-01
3.670840787119856730e-01
3.670840787119856730e-01
3.674418604651162878e-01
3.674418604651162878e-01
3.677996422182468472e-01
3.677996422182468472e-01
3.679785330948121547e-01
3.679785330948121547e-01
3.683363148479427696e-01
3.683363148479427696e-01
3.688729874776386364e-01
3.688729874776386364e-01
3.692307692307692513e-01
3.692307692307692513e-01
3.694096601073345032e-01
3.694096601073345032e-01
3.704830053667262924e-01
3.704830053667262924e-01
3.708407871198569072e-01
3.708407871198569072e-01
3.711985688729874666e-01
3.711985688729874666e-01
3.717352415026833889e-01
3.717352415026833889e-01
3.719141323792486409e-01
3.719141323792486409e-01
3.720930232558139483e-01
3.720930232558139483e-01
3.724508050089445632e-01
3.724508050089445632e-01
3.729874776386404300e-01
3.729874776386404300e-01
3.740608228980322192e-01
3.740608228980322192e-01
3.742397137745974711e-01
3.742397137745974711e-01
3.744186046511627786e-01
3.744186046511627786e-01
3.745974955277280860e-01
3.745974955277280860e-01
3.753130590339892603e-01
3.753130590339892603e-01
3.756708407871198752e-01
3.756708407871198752e-01
3.760286225402504345e-01
3.760286225402504345e-01
3.762075134168157420e-01
3.762075134168157420e-01
3.763864042933810494e-01
3.763864042933810494e-01
3.765652951699463569e-01
3.765652951699463569e-01
3.767441860465116088e-01
3.767441860465116088e-01
3.769230769230769162e-01
3.769230769230769162e-01
3.772808586762075311e-01
3.772808586762075311e-01
3.776386404293380905e-01
3.776386404293380905e-01
3.779964221824687054e-01
3.779964221824687054e-01
3.788908765652951871e-01
3.788908765652951871e-01
3.790697674418604390e-01
3.790697674418604390e-01
3.792486583184257465e-01
3.792486583184257465e-01
3.794275491949910539e-01
3.794275491949910539e-01
3.806797853309480950e-01
3.806797853309480950e-01
3.808586762075134025e-01
3.808586762075134025e-01
3.810375670840787099e-01
3.810375670840787099e-01
3.812164579606440173e-01
3.812164579606440173e-01
3.817531305903398842e-01
3.817531305903398842e-01
3.821109123434704991e-01
3.821109123434704991e-01
3.824686940966010584e-01
3.824686940966010584e-01
3.830053667262969808e-01
3.830053667262969808e-01
3.833631484794275401e-01
3.833631484794275401e-01
3.835420393559928476e-01
3.835420393559928476e-01
3.847942754919498887e-01
3.847942754919498887e-01
3.851520572450805036e-01
3.851520572450805036e-01
3.853309481216458110e-01
3.853309481216458110e-01
3.855098389982111184e-01
3.855098389982111184e-01
3.856887298747763704e-01
3.856887298747763704e-01
3.858676207513416778e-01
3.858676207513416778e-01
3.862254025044722927e-01
3.862254025044722927e-01
3.864042933810375446e-01
3.864042933810375446e-01
3.874776386404293338e-01
3.874776386404293338e-01
3.876565295169946412e-01
3.876565295169946412e-01
3.878354203935599487e-01
3.878354203935599487e-01
3.881932021466905081e-01
3.881932021466905081e-01
3.883720930232558155e-01
3.883720930232558155e-01
3.889087656529516823e-01
3.889087656529516823e-01
3.892665474060822972e-01
3.892665474060822972e-01
3.896243291592128566e-01
3.896243291592128566e-01
3.899821109123434715e-01
3.899821109123434715e-01
3.905187835420393383e-01
3.905187835420393383e-01
3.910554561717352606e-01
3.910554561717352606e-01
3.912343470483005126e-01
3.912343470483005126e-01
3.923076923076923017e-01
3.923076923076923017e-01
3.926654740608229166e-01
3.926654740608229166e-01
3.928443649373881685e-01
3.928443649373881685e-01
3.930232558139534760e-01
3.930232558139534760e-01
3.932021466905187834e-01
3.932021466905187834e-01
3.933810375670840909e-01
3.933810375670840909e-01
3.937388193202146502e-01
3.937388193202146502e-01
3.940966010733452651e-01
3.940966010733452651e-01
3.942754919499105726e-01
3.942754919499105726e-01
3.949910554561717468e-01
3.949910554561717468e-01
3.951699463327370543e-01
3.955277280858676137e-01
3.955277280858676137e-01
3.957066189624329211e-01
3.957066189624329211e-01
3.960644007155634805e-01
3.960644007155634805e-01
3.964221824686940954e-01
3.964221824686940954e-01
3.969588550983899622e-01
3.969588550983899622e-01
3.971377459749552696e-01
3.971377459749552696e-01
3.976744186046511365e-01
3.976744186046511365e-01
3.978533094812164439e-01
3.978533094812164439e-01
3.980322003577817513e-01
3.980322003577817513e-01
3.982110912343470588e-01
3.982110912343470588e-01
3.991055456171735405e-01
3.991055456171735405e-01
3.992844364937387924e-01
3.992844364937387924e-01
3.994633273703040999e-01
3.994633273703040999e-01
3.996422182468694073e-01
3.996422182468694073e-01
4.001788908765652741e-01
4.001788908765652741e-01
4.005366726296958890e-01
4.005366726296958890e-01
4.010733452593917558e-01
4.010733452593917558e-01
4.021466905187835450e-01
4.021466905187835450e-01
4.023255813953488524e-01
4.023255813953488524e-01
4.025044722719141599e-01
4.025044722719141599e-01
4.026833631484794118e-01
4.026833631484794118e-01
4.028622540250447193e-01
4.028622540250447193e-01
4.030411449016100267e-01
4.030411449016100267e-01
4.035778175313058935e-01
4.035778175313058935e-01
4.044722719141323752e-01
4.044722719141323752e-01
4.046511627906976827e-01
4.046511627906976827e-01
4.053667262969588569e-01
4.053667262969588569e-01
4.055456171735241644e-01
4.055456171735241644e-01
4.069767441860465129e-01
4.069767441860465129e-01
4.071556350626118204e-01
4.071556350626118204e-01
4.073345259391771278e-01
4.073345259391771278e-01
4.078711985688729946e-01
4.078711985688729946e-01
4.080500894454383021e-01
4.080500894454383021e-01
4.082289803220035540e-01
4.082289803220035540e-01
4.084078711985688614e-01
4.084078711985688614e-01
4.085867620751341689e-01
4.085867620751341689e-01
4.091234347048300357e-01
4.091234347048300357e-01
4.093023255813953432e-01
4.093023255813953432e-01
4.094812164579606506e-01
4.094812164579606506e-01
4.096601073345259580e-01
4.096601073345259580e-01
4.100178890876565174e-01
4.100178890876565174e-01
4.101967799642218249e-01
4.101967799642218249e-01
4.103756708407871323e-01
4.103756708407871323e-01
4.107334525939176917e-01
4.107334525939176917e-01
4.110912343470483066e-01
4.110912343470483066e-01
4.112701252236136140e-01
4.112701252236136140e-01
4.114490161001788660e-01
4.114490161001788660e-01
4.119856887298747883e-01
4.119856887298747883e-01
4.123434704830053477e-01
4.123434704830053477e-01
4.127012522361359625e-01
4.127012522361359625e-01
4.128801431127012700e-01
4.128801431127012700e-01
4.130590339892665219e-01
4.130590339892665219e-01
4.134168157423971368e-01
4.134168157423971368e-01
4.139534883720930036e-01
4.139534883720930036e-01
4.148479427549194853e-01
4.152057245080501002e-01
4.153846153846154077e-01
4.157423971377459671e-01
4.157423971377459671e-01
4.161001788908765819e-01
4.161001788908765819e-01
4.162790697674418339e-01
4.162790697674418339e-01
4.164579606440071413e-01
4.164579606440071413e-01
4.177101967799642379e-01
4.177101967799642379e-01
4.178890876565294898e-01
4.178890876565294898e-01
4.187835420393559716e-01
4.187835420393559716e-01
4.191413237924865864e-01
4.191413237924865864e-01
4.194991055456171458e-01
4.194991055456171458e-01
4.200357781753130682e-01
4.200357781753130682e-01
4.203935599284436275e-01
4.203935599284436275e-01
4.214669051878354167e-01
4.214669051878354167e-01
4.218246869409660316e-01
4.218246869409660316e-01
4.223613595706618984e-01
4.223613595706618984e-01
4.227191413237925133e-01
4.227191413237925133e-01
4.228980322003577652e-01
4.228980322003577652e-01
4.232558139534883801e-01
4.232558139534883801e-01
4.236135957066189395e-01
4.236135957066189395e-01
4.241502683363148618e-01
4.241502683363148618e-01
4.243291592128801692e-01
4.243291592128801692e-01
4.246869409660107286e-01
4.246869409660107286e-01
4.248658318425760361e-01
4.250447227191413435e-01
4.250447227191413435e-01
4.252236135957065954e-01
4.252236135957065954e-01
4.254025044722719029e-01
4.254025044722719029e-01
4.264758497316636920e-01
4.264758497316636920e-01
4.275491949910554812e-01
4.275491949910554812e-01
4.279069767441860406e-01
4.279069767441860406e-01
4.280858676207513480e-01
4.280858676207513480e-01
4.284436493738819074e-01
4.284436493738819074e-01
4.289803220035778297e-01
4.289803220035778297e-01
4.291592128801431372e-01
4.291592128801431372e-01
4.295169946332736965e-01
4.295169946332736965e-01
4.296958855098390040e-01
4.296958855098390040e-01
4.298747763864043114e-01
4.298747763864043114e-01
4.300536672629695634e-01
4.300536672629695634e-01
4.305903398926654857e-01
4.305903398926654857e-01
4.307692307692307931e-01
4.307692307692307931e-01
4.313059033989266600e-01
4.313059033989266600e-01
4.316636851520572193e-01
4.316636851520572193e-01
4.322003577817531417e-01
4.322003577817531417e-01
4.325581395348837010e-01
4.325581395348837010e-01
4.327370304114490085e-01
4.327370304114490085e-01
4.334525939177101828e-01
4.334525939177101828e-01
4.336314847942754902e-01
4.336314847942754902e-01
4.338103756708407976e-01
4.338103756708407976e-01
4.341681574239713570e-01
4.345259391771019719e-01
4.347048300536672794e-01
4.347048300536672794e-01
4.348837209302325313e-01
4.348837209302325313e-01
4.352415026833631462e-01
4.355992844364937611e-01
4.357781753130590130e-01
4.357781753130590130e-01
4.366726296958854947e-01
4.366726296958854947e-01
4.368515205724508021e-01
4.368515205724508021e-01
4.370304114490161096e-01
4.370304114490161096e-01
4.372093023255814170e-01
4.372093023255814170e-01
4.382826475849731507e-01
4.382826475849731507e-01
4.386404293381037656e-01
4.386404293381037656e-01
4.388193202146690730e-01
4.388193202146690730e-01
4.391771019677996324e-01
4.391771019677996324e-01
4.393559928443649398e-01
4.393559928443649398e-01
4.402504472271914215e-01
4.402504472271914215e-01
4.404293381037567290e-01
4.404293381037567290e-01
4.406082289803219809e-01
4.406082289803219809e-01
4.407871198568872884e-01
4.407871198568872884e-01
4.413237924865832107e-01
4.413237924865832107e-01
4.415026833631484626e-01
4.415026833631484626e-01
4.416815742397137701e-01
4.416815742397137701e-01
4.418604651162790775e-01
4.418604651162790775e-01
4.423971377459749443e-01
4.423971377459749443e-01
4.425760286225402518e-01
4.425760286225402518e-01
4.432915921288014260e-01
4.432915921288014260e-01
4.436493738819320409e-01
4.436493738819320409e-01
4.441860465116279078e-01
4.441860465116279078e-01
4.443649373881932152e-01
4.443649373881932152e-01
4.449016100178890820e-01
4.449016100178890820e-01
4.459749552772808712e-01
4.459749552772808712e-01
4.461538461538461786e-01
4.461538461538461786e-01
4.463327370304114305e-01
4.463327370304114305e-01
4.466905187835420454e-01
4.466905187835420454e-01
4.468694096601073529e-01
4.468694096601073529e-01
4.474060822898032197e-01
4.474060822898032197e-01
4.477638640429338346e-01
4.477638640429338346e-01
4.479427549194990865e-01
4.479427549194990865e-01
4.481216457960643940e-01
4.481216457960643940e-01
4.484794275491950089e-01
4.484794275491950089e-01
4.486583184257602608e-01
4.486583184257602608e-01
4.493738819320214906e-01
4.493738819320214906e-01
4.495527728085867425e-01
4.495527728085867425e-01
4.500894454382826648e-01
4.500894454382826648e-01
4.509838998211091465e-01
4.509838998211091465e-01
4.511627906976743985e-01
4.511627906976743985e-01
4.513416815742397059e-01
4.513416815742397059e-01
4.520572450805008802e-01
4.520572450805008802e-01
4.522361359570661876e-01
4.522361359570661876e-01
4.524150268336314951e-01
4.524150268336314951e-01
4.525939177101968025e-01
4.525939177101968025e-01
4.527728085867620544e-01
4.527728085867620544e-01
4.529516994633273619e-01
4.529516994633273619e-01
4.531305903398926693e-01
4.531305903398926693e-01
4.533094812164579768e-01
4.533094812164579768e-01
4.536672629695885361e-01
4.536672629695885361e-01
4.540250447227191510e-01
4.540250447227191510e-01
4.542039355992844585e-01
4.542039355992844585e-01
4.545617173524150179e-01
4.545617173524150179e-01
4.547406082289803253e-01
4.547406082289803253e-01
4.550983899821108847e-01
4.550983899821108847e-01
4.559928443649373664e-01
4.559928443649373664e-01
4.561717352415026738e-01
4.561717352415026738e-01
4.565295169946332887e-01
4.565295169946332887e-01
4.567084078711985962e-01
4.567084078711985962e-01
4.581395348837209447e-01
4.581395348837209447e-01
4.586762075134168115e-01
4.586762075134168115e-01
4.590339892665474264e-01
4.590339892665474264e-01
4.592128801431126783e-01
4.592128801431126783e-01
4.593917710196779858e-01
4.593917710196779858e-01
4.595706618962432932e-01
4.595706618962432932e-01
4.597495527728086007e-01
4.597495527728086007e-01
4.599284436493739081e-01
4.599284436493739081e-01
4.602862254025044675e-01
4.602862254025044675e-01
4.606440071556350824e-01
4.606440071556350824e-01
4.613595706618962566e-01
4.613595706618962566e-01
4.615384615384615641e-01
4.615384615384615641e-01
4.629695885509839126e-01
4.629695885509839126e-01
4.631484794275492201e-01
4.631484794275492201e-01
4.633273703041144720e-01
4.633273703041144720e-01
4.636851520572450869e-01
4.636851520572450869e-01
4.638640429338103943e-01
4.638640429338103943e-01
4.645796064400715686e-01
4.645796064400715686e-01
4.652951699463327428e-01
4.652951699463327428e-01
4.654740608228980503e-01
4.654740608228980503e-01
4.660107334525939171e-01
4.660107334525939171e-01
4.661896243291592246e-01
4.661896243291592246e-01
4.663685152057245320e-01
4.663685152057245320e-01
4.667262969588550914e-01
4.667262969588550914e-01
4.669051878354203988e-01
4.669051878354203988e-01
4.674418604651162656e-01
4.674418604651162656e-01
4.676207513416815731e-01
4.676207513416815731e-01
4.683363148479427474e-01
4.683363148479427474e-01
4.690518783542039216e-01
4.690518783542039216e-01
4.692307692307692291e-01
4.695885509838998439e-01
4.697674418604650959e-01
4.697674418604650959e-01
4.701252236135957108e-01
4.701252236135957108e-01
4.704830053667262701e-01
4.704830053667262701e-01
4.706618962432915776e-01
4.706618962432915776e-01
4.708407871198568850e-01
4.708407871198568850e-01
4.710196779964221925e-01
4.710196779964221925e-01
4.711985688729874999e-01
4.711985688729874999e-01
4.715563506261180593e-01
4.715563506261180593e-01
4.717352415026833667e-01
4.717352415026833667e-01
4.719141323792486742e-01
4.719141323792486742e-01
4.722719141323792336e-01
4.722719141323792336e-01
4.726296958855098485e-01
4.726296958855098485e-01
4.729874776386404078e-01
4.729874776386404078e-01
4.733452593917710227e-01
4.733452593917710227e-01
4.735241502683363302e-01
4.735241502683363302e-01
4.737030411449016376e-01
4.737030411449016376e-01
4.744186046511628119e-01
4.744186046511628119e-01
4.747763864042933712e-01
4.747763864042933712e-01
4.749552772808586787e-01
4.749552772808586787e-01
4.753130590339892936e-01
4.753130590339892936e-01
4.758497316636851604e-01
4.758497316636851604e-01
4.760286225402504678e-01
4.760286225402504678e-01
4.763864042933810272e-01
4.763864042933810272e-01
4.767441860465116421e-01
4.767441860465116421e-01
4.774597495527728164e-01
4.774597495527728164e-01
4.776386404293381238e-01
4.776386404293381238e-01
4.783542039355992981e-01
4.783542039355992981e-01
4.785330948121646055e-01
4.785330948121646055e-01
4.788908765652951649e-01
4.788908765652951649e-01
4.796064400715563392e-01
4.796064400715563392e-01
4.797853309481216466e-01
4.797853309481216466e-01
4.808586762075134358e-01
4.808586762075134358e-01
4.810375670840786877e-01
4.810375670840786877e-01
4.819320214669051694e-01
4.819320214669051694e-01
4.822898032200357843e-01
4.822898032200357843e-01
4.828264758497316511e-01
4.828264758497316511e-01
4.830053667262969586e-01
4.830053667262969586e-01
4.833631484794275734e-01
4.833631484794275734e-01
4.837209302325581328e-01
4.837209302325581328e-01
4.851520572450804814e-01
4.851520572450804814e-01
4.853309481216457888e-01
4.853309481216457888e-01
4.856887298747764037e-01
4.860465116279069631e-01
4.860465116279069631e-01
4.862254025044722705e-01
4.862254025044722705e-01
4.864042933810375779e-01
4.864042933810375779e-01
4.872987477638640597e-01
4.872987477638640597e-01
4.876565295169946190e-01
4.876565295169946190e-01
4.880143112701252339e-01
4.880143112701252339e-01
4.881932021466905414e-01
4.881932021466905414e-01
4.887298747763864082e-01
4.887298747763864082e-01
4.892665474060822750e-01
4.892665474060822750e-01
4.894454382826475825e-01
4.894454382826475825e-01
4.896243291592128899e-01
4.896243291592128899e-01
4.898032200357781973e-01
4.898032200357781973e-01
4.906976744186046235e-01
4.906976744186046235e-01
4.912343470483005459e-01
4.912343470483005459e-01
4.919499105545617201e-01
4.919499105545617201e-01
4.921288014311270276e-01
4.921288014311270276e-01
4.923076923076923350e-01
4.923076923076923350e-01
4.924865831842575870e-01
4.924865831842575870e-01
4.928443649373882018e-01
4.928443649373882018e-01
4.932021466905187612e-01
4.932021466905187612e-01
4.937388193202146836e-01
4.937388193202146836e-01
4.939177101967799910e-01
4.939177101967799910e-01
4.946332737030411653e-01
4.946332737030411653e-01
4.951699463327370321e-01
4.951699463327370321e-01
4.955277280858676470e-01
4.955277280858676470e-01
4.957066189624328989e-01
4.957066189624328989e-01
4.962432915921288212e-01
4.962432915921288212e-01
4.966010733452593806e-01
4.966010733452593806e-01
4.969588550983899955e-01
4.969588550983899955e-01
4.974955277280858623e-01
4.974955277280858623e-01
4.976744186046511698e-01
4.976744186046511698e-01
4.978533094812164772e-01
4.978533094812164772e-01
4.983899821109123440e-01
4.983899821109123440e-01
4.987477638640429589e-01
4.987477638640429589e-01
4.989266547406082108e-01
4.989266547406082108e-01
4.996422182468693851e-01
4.996422182468693851e-01
5.012522361359570411e-01
5.012522361359570411e-01
5.021466905187835783e-01
5.021466905187835783e-01
5.023255813953488857e-01
5.023255813953488857e-01
5.026833631484793896e-01
5.026833631484793896e-01
5.028622540250446971e-01
5.028622540250446971e-01
5.035778175313059268e-01
5.035778175313059268e-01
5.044722719141323530e-01
5.044722719141323530e-01
5.048300536672629679e-01
5.048300536672629679e-01
5.059033989266547016e-01
5.059033989266547016e-01
5.062611806797853164e-01
5.062611806797853164e-01
5.066189624329159313e-01
5.066189624329159313e-01
5.089445438282647061e-01
5.089445438282647061e-01
5.091234347048300135e-01
5.091234347048300135e-01
5.093023255813953210e-01
5.093023255813953210e-01
5.098389982110912433e-01
5.098389982110912433e-01
5.112701252236135918e-01
5.112701252236135918e-01
5.114490161001788993e-01
5.114490161001788993e-01
5.116279069767442067e-01
5.116279069767442067e-01
5.118067978533095141e-01
5.118067978533095141e-01
5.121645796064400180e-01
5.121645796064400180e-01
5.123434704830053255e-01
5.123434704830053255e-01
5.128801431127012478e-01
5.128801431127012478e-01
5.132379248658318627e-01
5.132379248658318627e-01
5.134168157423971701e-01
5.134168157423971701e-01
5.137745974955276740e-01
5.137745974955276740e-01
5.139534883720929814e-01
5.139534883720929814e-01
5.146690518783542112e-01
5.146690518783542112e-01
5.148479427549195186e-01
5.148479427549195186e-01
5.155635062611806374e-01
5.159212880143112523e-01
5.159212880143112523e-01
5.161001788908765597e-01
5.161001788908765597e-01
5.162790697674418672e-01
5.162790697674418672e-01
5.164579606440071746e-01
5.164579606440071746e-01
5.168157423971377895e-01
5.168157423971377895e-01
5.171735241502682934e-01
5.171735241502682934e-01
5.173524150268336008e-01
5.173524150268336008e-01
5.178890876565295232e-01
5.178890876565295232e-01
5.184257602862254455e-01
5.184257602862254455e-01
5.191413237924865642e-01
5.191413237924865642e-01
5.194991055456171791e-01
5.194991055456171791e-01
5.196779964221824866e-01
5.196779964221824866e-01
5.200357781753131015e-01
5.200357781753131015e-01
5.202146690518784089e-01
5.202146690518784089e-01
5.203935599284436053e-01
5.203935599284436053e-01
5.221824686940965687e-01
5.221824686940965687e-01
5.225402504472271836e-01
5.225402504472271836e-01
5.227191413237924911e-01
5.227191413237924911e-01
5.232558139534884134e-01
5.232558139534884134e-01
5.237924865831842247e-01
5.237924865831842247e-01
5.245080500894454545e-01
5.245080500894454545e-01
5.252236135957065732e-01
5.252236135957065732e-01
5.255813953488371881e-01
5.255813953488371881e-01
5.257602862254024956e-01
5.257602862254024956e-01
5.262969588550984179e-01
5.262969588550984179e-01
5.268336314847942292e-01
5.271914132379248441e-01
5.279069767441860739e-01
5.279069767441860739e-01
5.280858676207513813e-01
5.280858676207513813e-01
5.282647584973166888e-01
5.282647584973166888e-01
5.293381037567084224e-01
5.293381037567084224e-01
5.298747763864043447e-01
5.298747763864043447e-01
5.300536672629695412e-01
5.300536672629695412e-01
5.307692307692307709e-01
5.307692307692307709e-01
5.311270125223613858e-01
5.311270125223613858e-01
5.313059033989266933e-01
5.313059033989266933e-01
5.318425760286225046e-01
5.318425760286225046e-01
5.323792486583184269e-01
5.323792486583184269e-01
5.327370304114490418e-01
5.327370304114490418e-01
5.329159212880143492e-01
5.329159212880143492e-01
5.330948121645796567e-01
5.330948121645796567e-01
5.332737030411448531e-01
5.332737030411448531e-01
5.336314847942754680e-01
5.336314847942754680e-01
5.338103756708407754e-01
5.338103756708407754e-01
5.341681574239713903e-01
5.341681574239713903e-01
5.343470483005366978e-01
5.343470483005366978e-01
5.347048300536673127e-01
5.347048300536673127e-01
5.352415026833631240e-01
5.352415026833631240e-01
5.357781753130590463e-01
5.357781753130590463e-01
5.359570661896243537e-01
5.359570661896243537e-01
5.363148479427549686e-01
5.363148479427549686e-01
5.372093023255813948e-01
5.372093023255813948e-01
5.375670840787120097e-01
5.375670840787120097e-01
5.381037567084078210e-01
5.381037567084078210e-01
5.386404293381037434e-01
5.386404293381037434e-01
5.388193202146690508e-01
5.388193202146690508e-01
5.389982110912343582e-01
5.389982110912343582e-01
5.391771019677996657e-01
5.391771019677996657e-01
5.395348837209302806e-01
5.395348837209302806e-01
5.406082289803220142e-01
5.406082289803220142e-01
5.407871198568873217e-01
5.407871198568873217e-01
5.411449016100179366e-01
5.411449016100179366e-01
5.415026833631484404e-01
5.415026833631484404e-01
5.416815742397137479e-01
5.416815742397137479e-01
5.420393559928443628e-01
5.420393559928443628e-01
5.425760286225402851e-01
5.425760286225402851e-01
5.432915921288014038e-01
5.432915921288014038e-01
5.436493738819320187e-01
5.436493738819320187e-01
5.450805008944543673e-01
5.450805008944543673e-01
5.454382826475849821e-01
5.454382826475849821e-01
5.456171735241502896e-01
5.456171735241502896e-01
5.463327370304114083e-01
5.463327370304114083e-01
5.472271914132379456e-01
5.472271914132379456e-01
5.479427549194990643e-01
5.479427549194990643e-01
5.495527728085867203e-01
5.495527728085867203e-01
5.497316636851520277e-01
5.497316636851520277e-01
5.506261180679785650e-01
5.506261180679785650e-01
5.511627906976743763e-01
5.511627906976743763e-01
5.513416815742396837e-01
5.513416815742396837e-01
5.524150268336315284e-01
5.524150268336315284e-01
5.531305903398926471e-01
5.531305903398926471e-01
5.536672629695885695e-01
5.536672629695885695e-01
5.545617173524149957e-01
5.545617173524149957e-01
5.547406082289803031e-01
5.547406082289803031e-01
5.549194991055456105e-01
5.549194991055456105e-01
5.554561717352415329e-01
5.554561717352415329e-01
5.558139534883721478e-01
5.558139534883721478e-01
5.559928443649373442e-01
5.559928443649373442e-01
5.565295169946332665e-01
5.565295169946332665e-01
5.567084078711985740e-01
5.567084078711985740e-01
5.574239713774598037e-01
5.574239713774598037e-01
5.577817531305903076e-01
5.577817531305903076e-01
5.579606440071556150e-01
5.579606440071556150e-01
5.583184257602862299e-01
5.583184257602862299e-01
5.588550983899821523e-01
5.592128801431126561e-01
5.592128801431126561e-01
5.599284436493738859e-01
5.599284436493738859e-01
5.602862254025045008e-01
5.602862254025045008e-01
5.606440071556351157e-01
5.615384615384615419e-01
5.615384615384615419e-01
5.622540250447227717e-01
5.622540250447227717e-01
5.626118067978532755e-01
5.626118067978532755e-01
5.631484794275491979e-01
5.631484794275491979e-01
5.633273703041145053e-01
5.633273703041145053e-01
5.636851520572451202e-01
5.636851520572451202e-01
5.638640429338104276e-01
5.638640429338104276e-01
5.642218246869409315e-01
5.642218246869409315e-01
5.644007155635062389e-01
5.644007155635062389e-01
5.645796064400715464e-01
5.645796064400715464e-01
5.647584973166368538e-01
5.647584973166368538e-01
5.649373881932021613e-01
5.649373881932021613e-01
5.654740608228980836e-01
5.654740608228980836e-01
5.661896243291592024e-01
5.661896243291592024e-01
5.663685152057245098e-01
5.663685152057245098e-01
5.665474060822898172e-01
5.665474060822898172e-01
5.676207513416815509e-01
5.676207513416815509e-01
5.679785330948121658e-01
5.679785330948121658e-01
5.681574239713774732e-01
5.681574239713774732e-01
5.690518783542038994e-01
5.690518783542038994e-01
5.692307692307692069e-01
5.692307692307692069e-01
5.694096601073345143e-01
5.694096601073345143e-01
5.695885509838998217e-01
5.695885509838998217e-01
5.701252236135957441e-01
5.701252236135957441e-01
5.710196779964221703e-01
5.710196779964221703e-01
5.711985688729874777e-01
5.711985688729874777e-01
5.713774597495527852e-01
5.713774597495527852e-01
5.724508050089445188e-01
5.724508050089445188e-01
5.728085867620751337e-01
5.728085867620751337e-01
5.731663685152057486e-01
5.731663685152057486e-01
5.738819320214668673e-01
5.738819320214668673e-01
5.742397137745974822e-01
5.742397137745974822e-01
5.744186046511627897e-01
5.747763864042934046e-01
5.749552772808587120e-01
5.749552772808587120e-01
5.753130590339892159e-01
5.753130590339892159e-01
5.754919499105545233e-01
5.754919499105545233e-01
5.756708407871198308e-01
5.756708407871198308e-01
5.760286225402504456e-01
5.760286225402504456e-01
5.765652951699463680e-01
5.765652951699463680e-01
5.767441860465116754e-01
5.767441860465116754e-01
5.769230769230768718e-01
5.769230769230768718e-01
5.785330948121645278e-01
5.785330948121645278e-01
5.788908765652951427e-01
5.788908765652951427e-01
5.790697674418604501e-01
5.790697674418604501e-01
5.801431127012521838e-01
5.801431127012521838e-01
5.803220035778174912e-01
5.803220035778174912e-01
5.806797853309481061e-01
5.806797853309481061e-01
5.808586762075134136e-01
5.808586762075134136e-01
5.813953488372093359e-01
5.813953488372093359e-01
5.817531305903398398e-01
5.817531305903398398e-01
5.819320214669051472e-01
5.819320214669051472e-01
5.822898032200357621e-01
5.822898032200357621e-01
5.831842576028622993e-01
5.831842576028622993e-01
5.840787119856887255e-01
5.840787119856887255e-01
5.851520572450804591e-01
5.851520572450804591e-01
5.855098389982110740e-01
5.855098389982110740e-01
5.856887298747763815e-01
5.856887298747763815e-01
5.858676207513416889e-01
5.858676207513416889e-01
5.862254025044723038e-01
5.862254025044723038e-01
5.865831842576028077e-01
5.865831842576028077e-01
5.871198568872987300e-01
5.871198568872987300e-01
5.876565295169946523e-01
5.876565295169946523e-01
5.883720930232557711e-01
5.883720930232557711e-01
5.887298747763863860e-01
5.887298747763863860e-01
5.892665474060823083e-01
5.892665474060823083e-01
5.894454382826476158e-01
5.894454382826476158e-01
5.896243291592129232e-01
5.899821109123434271e-01
5.926654740608229277e-01
5.926654740608229277e-01
5.933810375670840465e-01
5.933810375670840465e-01
5.937388193202146613e-01
5.937388193202146613e-01
5.939177101967799688e-01
5.939177101967799688e-01
5.951699463327370099e-01
5.951699463327370099e-01
5.957066189624329322e-01
5.957066189624329322e-01
5.964221824686940510e-01
5.964221824686940510e-01
5.966010733452593584e-01
5.966010733452593584e-01
5.976744186046512031e-01
5.976744186046512031e-01
5.985688729874776293e-01
5.985688729874776293e-01
5.989266547406082442e-01
5.989266547406082442e-01
6.005366726296959001e-01
6.005366726296959001e-01
6.017889087656529412e-01
6.017889087656529412e-01
6.030411449016099823e-01
6.030411449016099823e-01
6.039355992844365195e-01
6.039355992844365195e-01
6.044722719141323308e-01
6.044722719141323308e-01
6.062611806797852942e-01
6.062611806797852942e-01
6.066189624329159091e-01
6.066189624329159091e-01
6.069767441860465240e-01
6.069767441860465240e-01
6.071556350626118315e-01
6.071556350626118315e-01
6.082289803220035651e-01
6.082289803220035651e-01
6.084078711985688726e-01
6.084078711985688726e-01
6.091234347048301023e-01
6.091234347048301023e-01
6.093023255813952987e-01
6.093023255813952987e-01
6.096601073345259136e-01
6.096601073345259136e-01
6.101967799642218360e-01
6.101967799642218360e-01
6.105545617173524509e-01
6.109123434704829547e-01
6.109123434704829547e-01
6.110912343470482622e-01
6.110912343470482622e-01
6.114490161001788771e-01
6.114490161001788771e-01
6.118067978533094919e-01
6.118067978533094919e-01
6.119856887298747994e-01
6.119856887298747994e-01
6.123434704830054143e-01
6.123434704830054143e-01
6.128801431127012256e-01
6.128801431127012256e-01
6.134168157423971479e-01
6.134168157423971479e-01
6.137745974955277628e-01
6.144901610017888816e-01
6.144901610017888816e-01
6.148479427549194964e-01
6.152057245080501113e-01
6.157423971377459226e-01
6.157423971377459226e-01
6.162790697674418450e-01
6.166368515205724599e-01
6.175313059033988861e-01
6.175313059033988861e-01
6.178890876565295009e-01
6.178890876565295009e-01
6.180679785330948084e-01
6.180679785330948084e-01
6.182468694096601158e-01
6.182468694096601158e-01
6.186046511627907307e-01
6.186046511627907307e-01
6.191413237924865420e-01
6.191413237924865420e-01
6.193202146690518495e-01
6.193202146690518495e-01
6.203935599284436941e-01
6.203935599284436941e-01
6.207513416815741980e-01
6.207513416815741980e-01
6.221824686940965465e-01
6.221824686940965465e-01
6.227191413237924689e-01
6.227191413237924689e-01
6.232558139534883912e-01
6.232558139534883912e-01
6.241502683363148174e-01
6.241502683363148174e-01
6.259391771019677808e-01
6.259391771019677808e-01
6.261180679785330883e-01
6.261180679785330883e-01
6.275491949910554368e-01
6.275491949910554368e-01
6.289803220035777853e-01
6.289803220035777853e-01
6.293381037567084002e-01
6.293381037567084002e-01
6.295169946332737076e-01
6.295169946332737076e-01
6.302325581395349374e-01
6.302325581395349374e-01
6.305903398926654413e-01
6.305903398926654413e-01
6.307692307692307487e-01
6.307692307692307487e-01
6.313059033989266711e-01
6.313059033989266711e-01
6.314847942754919785e-01
6.314847942754919785e-01
6.320214669051877898e-01
6.320214669051877898e-01
6.325581395348837122e-01
6.325581395348837122e-01
6.334525939177102494e-01
6.334525939177102494e-01
6.339892665474060607e-01
6.339892665474060607e-01
6.341681574239713681e-01
6.341681574239713681e-01
6.343470483005366756e-01
6.343470483005366756e-01
6.347048300536672905e-01
6.347048300536672905e-01
6.354203935599284092e-01
6.354203935599284092e-01
6.366726296958855613e-01
6.366726296958855613e-01
6.370304114490160652e-01
6.370304114490160652e-01
6.377459749552772950e-01
6.377459749552772950e-01
6.379248658318426024e-01
6.379248658318426024e-01
6.398926654740608733e-01
6.398926654740608733e-01
6.402504472271913771e-01
6.402504472271913771e-01
6.404293381037566846e-01
6.404293381037566846e-01
6.411449016100179144e-01
6.411449016100179144e-01
6.416815742397137257e-01
6.416815742397137257e-01
6.425760286225402629e-01
6.425760286225402629e-01
6.431127012522361852e-01
6.434704830053666891e-01
6.434704830053666891e-01
6.436493738819319965e-01
6.436493738819319965e-01
6.443649373881932263e-01
6.443649373881932263e-01
6.445438282647585337e-01
6.445438282647585337e-01
6.452593917710196525e-01
6.452593917710196525e-01
6.456171735241502674e-01
6.456171735241502674e-01
6.457960644007155748e-01
6.457960644007155748e-01
6.463327370304114972e-01
6.463327370304114972e-01
6.468694096601073085e-01
6.468694096601073085e-01
6.484794275491949644e-01
6.484794275491949644e-01
6.495527728085868091e-01
6.495527728085868091e-01
6.500894454382826204e-01
6.500894454382826204e-01
6.509838998211091576e-01
6.509838998211091576e-01
6.511627906976744651e-01
6.511627906976744651e-01
6.516994633273702764e-01
6.516994633273702764e-01
6.518783542039355838e-01
6.518783542039355838e-01
6.525939177101968136e-01
6.525939177101968136e-01
6.529516994633273175e-01
6.529516994633273175e-01
6.545617173524149734e-01
6.545617173524149734e-01
6.547406082289802809e-01
6.547406082289802809e-01
6.550983899821108958e-01
6.550983899821108958e-01
6.556350626118068181e-01
6.556350626118068181e-01
6.558139534883721256e-01
6.558139534883721256e-01
6.559928443649374330e-01
6.559928443649374330e-01
6.565295169946332443e-01
6.565295169946332443e-01
6.567084078711985518e-01
6.567084078711985518e-01
6.568872987477638592e-01
6.568872987477638592e-01
6.590339892665474375e-01
6.590339892665474375e-01
6.593917710196779414e-01
6.593917710196779414e-01
6.595706618962432488e-01
6.595706618962432488e-01
6.597495527728085563e-01
6.597495527728085563e-01
6.601073345259391711e-01
6.601073345259391711e-01
6.602862254025044786e-01
6.602862254025044786e-01
6.615384615384615197e-01
6.615384615384615197e-01
6.620751341681574420e-01
6.620751341681574420e-01
6.622540250447227494e-01
6.622540250447227494e-01
6.624329159212880569e-01
6.624329159212880569e-01
6.627906976744185608e-01
6.627906976744185608e-01
6.629695885509838682e-01
6.629695885509838682e-01
6.631484794275491756e-01
6.631484794275491756e-01
6.640429338103757129e-01
6.640429338103757129e-01
6.644007155635062167e-01
6.644007155635062167e-01
6.660107334525938727e-01
6.660107334525938727e-01
6.663685152057244876e-01
6.663685152057244876e-01
6.669051878354204099e-01
6.669051878354204099e-01
6.670840787119857174e-01
6.670840787119857174e-01
6.674418604651163323e-01
6.674418604651163323e-01
6.677996422182468361e-01
6.677996422182468361e-01
6.679785330948121436e-01
6.679785330948121436e-01
6.685152057245080659e-01
6.685152057245080659e-01
6.695885509838997995e-01
6.695885509838997995e-01
6.719141323792486853e-01
6.719141323792486853e-01
6.720930232558139927e-01
6.720930232558139927e-01
6.728085867620751115e-01
6.728085867620751115e-01
6.735241502683363413e-01
6.735241502683363413e-01
6.751341681574239972e-01
6.751341681574239972e-01
6.756708407871198085e-01
6.756708407871198085e-01
6.767441860465116532e-01
6.767441860465116532e-01
6.771019677996422681e-01
6.771019677996422681e-01
6.774597495527727720e-01
6.774597495527727720e-01
6.776386404293380794e-01
6.776386404293380794e-01
6.778175313059033869e-01
6.778175313059033869e-01
6.781753130590340017e-01
6.781753130590340017e-01
6.790697674418604279e-01
6.790697674418604279e-01
6.792486583184257354e-01
6.792486583184257354e-01
6.810375670840786988e-01
6.810375670840786988e-01
6.812164579606440062e-01
6.812164579606440062e-01
6.813953488372093137e-01
6.813953488372093137e-01
6.833631484794275845e-01
6.833631484794275845e-01
6.842576028622540107e-01
6.842576028622540107e-01
6.846153846153846256e-01
6.846153846153846256e-01
6.858676207513416667e-01
6.858676207513416667e-01
6.865831842576028965e-01
6.865831842576028965e-01
6.871198568872987078e-01
6.871198568872987078e-01
6.872987477638640152e-01
6.872987477638640152e-01
6.876565295169946301e-01
6.876565295169946301e-01
6.878354203935599376e-01
6.878354203935599376e-01
6.881932021466905525e-01
6.881932021466905525e-01
6.890876565295169787e-01
6.890876565295169787e-01
6.894454382826475936e-01
6.894454382826475936e-01
6.914132379248658644e-01
6.914132379248658644e-01
6.917710196779963683e-01
6.917710196779963683e-01
6.923076923076922906e-01
6.923076923076922906e-01
6.924865831842575981e-01
6.924865831842575981e-01
6.932021466905188278e-01
6.935599284436493317e-01
6.940966010733452540e-01
6.940966010733452540e-01
6.944543828264758689e-01
6.944543828264758689e-01
6.948121645796064838e-01
6.951699463327369877e-01
6.951699463327369877e-01
6.958855098389982174e-01
6.958855098389982174e-01
6.973166368515205660e-01
6.973166368515205660e-01
6.980322003577817958e-01
6.980322003577817958e-01
6.985688729874776071e-01
6.985688729874776071e-01
6.989266547406082219e-01
6.991055456171735294e-01
6.991055456171735294e-01
6.992844364937388368e-01
6.992844364937388368e-01
6.994633273703041443e-01
6.994633273703041443e-01
6.996422182468694517e-01
6.996422182468694517e-01
7.003577817531305705e-01
7.003577817531305705e-01
7.016100178890876116e-01
7.016100178890876116e-01
7.023255813953488413e-01
7.023255813953488413e-01
7.025044722719141488e-01
7.025044722719141488e-01
7.033989266547405750e-01
7.033989266547405750e-01
7.035778175313058824e-01
7.035778175313058824e-01
7.048300536672629235e-01
7.048300536672629235e-01
7.050089445438282310e-01
7.050089445438282310e-01
7.066189624329158869e-01
7.066189624329158869e-01
7.069767441860465018e-01
7.069767441860465018e-01
7.078711985688730390e-01
7.078711985688730390e-01
7.091234347048300801e-01
7.091234347048300801e-01
7.098389982110911989e-01
7.098389982110911989e-01
7.114490161001788548e-01
7.114490161001788548e-01
7.118067978533094697e-01
7.121645796064400846e-01
7.121645796064400846e-01
7.125223613595706995e-01
7.125223613595706995e-01
7.127012522361360070e-01
7.127012522361360070e-01
7.128801431127012034e-01
7.128801431127012034e-01
7.134168157423971257e-01
7.134168157423971257e-01
7.135957066189624332e-01
7.135957066189624332e-01
7.137745974955277406e-01
7.137745974955277406e-01
7.141323792486583555e-01
7.141323792486583555e-01
7.144901610017888594e-01
7.144901610017888594e-01
7.152057245080500891e-01
7.152057245080500891e-01
7.155635062611807040e-01
7.155635062611807040e-01
7.168157423971377451e-01
7.168157423971377451e-01
7.173524150268336674e-01
7.173524150268336674e-01
7.175313059033989749e-01
7.175313059033989749e-01
7.193202146690518273e-01
7.193202146690518273e-01
7.196779964221824422e-01
7.196779964221824422e-01
7.200357781753130570e-01
7.203935599284436719e-01
7.203935599284436719e-01
7.214669051878354056e-01
7.214669051878354056e-01
7.218246869409660205e-01
7.218246869409660205e-01
7.220035778175313279e-01
7.220035778175313279e-01
7.221824686940966354e-01
7.221824686940966354e-01
7.228980322003577541e-01
7.228980322003577541e-01
7.236135957066189839e-01
7.236135957066189839e-01
7.246869409660107175e-01
7.246869409660107175e-01
7.248658318425760250e-01
7.248658318425760250e-01
7.255813953488372547e-01
7.255813953488372547e-01
7.259391771019677586e-01
7.259391771019677586e-01
7.264758497316636809e-01
7.264758497316636809e-01
7.293381037567083780e-01
7.293381037567083780e-01
7.302325581395349152e-01
7.302325581395349152e-01
7.304114490161002227e-01
7.304114490161002227e-01
7.309481216457960340e-01
7.309481216457960340e-01
7.311270125223613414e-01
7.311270125223613414e-01
7.314847942754919563e-01
7.314847942754919563e-01
7.320214669051878786e-01
7.320214669051878786e-01
7.322003577817531861e-01
7.322003577817531861e-01
7.323792486583183825e-01
7.327370304114489974e-01
7.327370304114489974e-01
7.330948121645796123e-01
7.330948121645796123e-01
7.332737030411449197e-01
7.332737030411449197e-01
7.334525939177102272e-01
7.334525939177102272e-01
7.338103756708408421e-01
7.338103756708408421e-01
7.354203935599284980e-01
7.354203935599284980e-01
7.364937388193202317e-01
7.364937388193202317e-01
7.372093023255813504e-01
7.372093023255813504e-01
7.373881932021466579e-01
7.377459749552772728e-01
7.379248658318425802e-01
7.379248658318425802e-01
7.384615384615385025e-01
7.384615384615385025e-01
7.391771019677996213e-01
7.391771019677996213e-01
7.395348837209302362e-01
7.395348837209302362e-01
7.402504472271914659e-01
7.402504472271914659e-01
7.406082289803219698e-01
7.406082289803219698e-01
7.407871198568872773e-01
7.407871198568872773e-01
7.411449016100178921e-01
7.411449016100178921e-01
7.415026833631485070e-01
7.415026833631485070e-01
7.416815742397138145e-01
7.416815742397138145e-01
7.420393559928443183e-01
7.420393559928443183e-01
7.427549194991055481e-01
7.427549194991055481e-01
7.429338103756708556e-01
7.429338103756708556e-01
7.432915921288014705e-01
7.432915921288014705e-01
7.434704830053667779e-01
7.434704830053667779e-01
7.440071556350625892e-01
7.440071556350625892e-01
7.450805008944544339e-01
7.450805008944544339e-01
7.470483005366725937e-01
7.470483005366725937e-01
7.472271914132379012e-01
7.475849731663685160e-01
7.483005366726297458e-01
7.483005366726297458e-01
7.484794275491949422e-01
7.484794275491949422e-01
7.490161001788908646e-01
7.490161001788908646e-01
7.499105545617174018e-01
7.499105545617174018e-01
7.506261180679785205e-01
7.506261180679785205e-01
7.508050089445438280e-01
7.508050089445438280e-01
7.509838998211091354e-01
7.509838998211091354e-01
7.511627906976744429e-01
7.511627906976744429e-01
7.518783542039355616e-01
7.518783542039355616e-01
7.522361359570661765e-01
7.522361359570661765e-01
7.525939177101967914e-01
7.527728085867620988e-01
7.527728085867620988e-01
7.529516994633274063e-01
7.529516994633274063e-01
7.533094812164579102e-01
7.533094812164579102e-01
7.534883720930232176e-01
7.534883720930232176e-01
7.542039355992844474e-01
7.542039355992844474e-01
7.549194991055455661e-01
7.549194991055455661e-01
7.550983899821108736e-01
7.550983899821108736e-01
7.554561717352414885e-01
7.554561717352414885e-01
7.556350626118067959e-01
7.556350626118067959e-01
7.558139534883721034e-01
7.558139534883721034e-01
7.570661896243291444e-01
7.570661896243291444e-01
7.574239713774597593e-01
7.574239713774597593e-01
7.579606440071556817e-01
7.583184257602861855e-01
7.588550983899821079e-01
7.588550983899821079e-01
7.597495527728085341e-01
7.597495527728085341e-01
7.599284436493738415e-01
7.599284436493738415e-01
7.604651162790697638e-01
7.604651162790697638e-01
7.606440071556350713e-01
7.606440071556350713e-01
7.610017889087656862e-01
7.610017889087656862e-01
7.615384615384614975e-01
7.615384615384614975e-01
7.626118067978533421e-01
7.626118067978533421e-01
7.627906976744186496e-01
7.627906976744186496e-01
7.635062611806797683e-01
7.635062611806797683e-01
7.642218246869409981e-01
7.642218246869409981e-01
7.644007155635063055e-01
7.644007155635063055e-01
7.649373881932021169e-01
7.649373881932021169e-01
7.651162790697674243e-01
7.651162790697674243e-01
7.661896243291591579e-01
7.661896243291591579e-01
7.667262969588550803e-01
7.667262969588550803e-01
7.669051878354203877e-01
7.669051878354203877e-01
7.676207513416816175e-01
7.676207513416816175e-01
7.688729874776386586e-01
7.688729874776386586e-01
7.697674418604650848e-01
7.697674418604650848e-01
7.699463327370303922e-01
7.699463327370303922e-01
7.710196779964222369e-01
7.710196779964222369e-01
7.720930232558139705e-01
7.720930232558139705e-01
7.722719141323792780e-01
7.722719141323792780e-01
7.724508050089445854e-01
7.728085867620750893e-01
7.733452593917710116e-01
7.733452593917710116e-01
7.742397137745975488e-01
7.742397137745975488e-01
7.744186046511627453e-01
7.744186046511627453e-01
7.756708407871198974e-01
7.756708407871198974e-01
7.783542039355992870e-01
7.783542039355992870e-01
7.787119856887299019e-01
7.787119856887299019e-01
7.808586762075133691e-01
7.808586762075133691e-01
7.819320214669052138e-01
7.819320214669052138e-01
7.830053667262969475e-01
7.830053667262969475e-01
7.831842576028622549e-01
7.831842576028622549e-01
7.840787119856886811e-01
7.840787119856886811e-01
7.844364937388192960e-01
7.851520572450805258e-01
7.851520572450805258e-01
7.858676207513416445e-01
7.858676207513416445e-01
7.867620751341681817e-01
7.867620751341681817e-01
7.869409660107334892e-01
7.869409660107334892e-01
7.876565295169946079e-01
7.876565295169946079e-01
7.883720930232558377e-01
7.883720930232558377e-01
7.887298747763864526e-01
7.887298747763864526e-01
7.901610017889088011e-01
7.901610017889088011e-01
7.914132379248658422e-01
7.914132379248658422e-01
7.915921288014311497e-01
7.915921288014311497e-01
7.917710196779964571e-01
7.917710196779964571e-01
7.951699463327370765e-01
7.951699463327370765e-01
7.964221824686941176e-01
7.964221824686941176e-01
7.969588550983899289e-01
7.969588550983899289e-01
7.973166368515205438e-01
7.980322003577817735e-01
7.980322003577817735e-01
7.983899821109123884e-01
7.983899821109123884e-01
7.991055456171735072e-01
7.991055456171735072e-01
7.992844364937388146e-01
7.992844364937388146e-01
8.000000000000000444e-01
8.000000000000000444e-01
8.005366726296958557e-01
8.005366726296958557e-01
8.010733452593917781e-01
8.010733452593917781e-01
8.016100178890877004e-01
8.016100178890877004e-01
8.017889087656528968e-01
8.017889087656528968e-01
8.019677996422182042e-01
8.019677996422182042e-01
8.025044722719141266e-01
8.025044722719141266e-01
8.030411449016100489e-01
8.030411449016100489e-01
8.035778175313058602e-01
8.035778175313058602e-01
8.037567084078711677e-01
8.037567084078711677e-01
8.041144901610017826e-01
8.041144901610017826e-01
8.042933810375670900e-01
8.042933810375670900e-01
8.044722719141323974e-01
8.048300536672630123e-01
8.051878354203935162e-01
8.051878354203935162e-01
8.053667262969588236e-01
8.053667262969588236e-01
8.059033989266547460e-01
8.059033989266547460e-01
8.075134168157424019e-01
8.075134168157424019e-01
8.110912343470483288e-01
8.110912343470483288e-01
8.119856887298747550e-01
8.119856887298747550e-01
8.135957066189624109e-01
8.139534883720930258e-01
8.144901610017889482e-01
8.144901610017889482e-01
8.148479427549194520e-01
8.148479427549194520e-01
8.150268336314847595e-01
8.150268336314847595e-01
8.161001788908766041e-01
8.161001788908766041e-01
8.164579606440071080e-01
8.164579606440071080e-01
8.168157423971377229e-01
8.168157423971377229e-01
8.173524150268336452e-01
8.173524150268336452e-01
8.200357781753130348e-01
8.200357781753130348e-01
8.211091234347048795e-01
8.211091234347048795e-01
8.223613595706619206e-01
8.223613595706619206e-01
8.234347048300536542e-01
8.234347048300536542e-01
8.241502683363148840e-01
8.241502683363148840e-01
8.246869409660106953e-01
8.246869409660106953e-01
8.255813953488372325e-01
8.255813953488372325e-01
8.277280858676206998e-01
8.277280858676206998e-01
8.280858676207513147e-01
8.280858676207513147e-01
8.293381037567083558e-01
8.293381037567083558e-01
8.295169946332736632e-01
8.295169946332736632e-01
8.296958855098389707e-01
8.296958855098389707e-01
8.309481216457960118e-01
8.309481216457960118e-01
8.314847942754919341e-01
8.314847942754919341e-01
8.322003577817531639e-01
8.325581395348836677e-01
8.325581395348836677e-01
8.332737030411448975e-01
8.332737030411448975e-01
8.345259391771019386e-01
8.345259391771019386e-01
8.352415026833631684e-01
8.352415026833631684e-01
8.355992844364937833e-01
8.355992844364937833e-01
8.357781753130589797e-01
8.357781753130589797e-01
8.361359570661895946e-01
8.361359570661895946e-01
8.363148479427549020e-01
8.363148479427549020e-01
8.366726296958855169e-01
8.368515205724508244e-01
8.368515205724508244e-01
8.375670840787119431e-01
8.375670840787119431e-01
8.384615384615384803e-01
8.384615384615384803e-01
8.415026833631484848e-01
8.415026833631484848e-01
8.416815742397137923e-01
8.416815742397137923e-01
8.425760286225402185e-01
8.425760286225402185e-01
8.436493738819320631e-01
8.436493738819320631e-01
8.468694096601073751e-01
8.468694096601073751e-01
8.475849731663684938e-01
8.475849731663684938e-01
8.479427549194991087e-01
8.479427549194991087e-01
8.481216457960644162e-01
8.481216457960644162e-01
8.497316636851520721e-01
8.497316636851520721e-01
8.504472271914131909e-01
8.504472271914131909e-01
8.511627906976744207e-01
8.511627906976744207e-01
8.515205724508050356e-01
8.515205724508050356e-01
8.527728085867620766e-01
8.527728085867620766e-01
8.543828264758497326e-01
8.543828264758497326e-01
8.545617173524150401e-01
8.545617173524150401e-01
8.558139534883720811e-01
8.558139534883720811e-01
8.570661896243291222e-01
8.570661896243291222e-01
8.572450805008944297e-01
8.572450805008944297e-01
8.576028622540250446e-01
8.576028622540250446e-01
8.579606440071556595e-01
8.581395348837209669e-01
8.581395348837209669e-01
8.610017889087656640e-01
8.610017889087656640e-01
8.622540250447227050e-01
8.622540250447227050e-01
8.640429338103756685e-01
8.640429338103756685e-01
8.651162790697674021e-01
8.651162790697674021e-01
8.703041144901609849e-01
8.703041144901609849e-01
8.706618962432915998e-01
8.729874776386403745e-01
8.729874776386403745e-01
8.740608228980322192e-01
8.740608228980322192e-01
8.747763864042933379e-01
8.747763864042933379e-01
8.751341681574239528e-01
8.751341681574239528e-01
8.767441860465116088e-01
8.767441860465116088e-01
8.776386404293381460e-01
8.776386404293381460e-01
8.778175313059034535e-01
8.778175313059034535e-01
8.781753130590339573e-01
8.781753130590339573e-01
8.783542039355992648e-01
8.783542039355992648e-01
8.790697674418604946e-01
8.790697674418604946e-01
8.794275491949911094e-01
8.797853309481216133e-01
8.797853309481216133e-01
8.799642218246869207e-01
8.799642218246869207e-01
8.808586762075134580e-01
8.808586762075134580e-01
8.813953488372092693e-01
8.813953488372092693e-01
8.821109123434704991e-01
8.821109123434704991e-01
8.828264758497316178e-01
8.831842576028622327e-01
8.833631484794275401e-01
8.833631484794275401e-01
8.835420393559928476e-01
8.835420393559928476e-01
8.853309481216458110e-01
8.853309481216458110e-01
8.862254025044722372e-01
8.862254025044722372e-01
8.864042933810375446e-01
8.864042933810375446e-01
8.867620751341681595e-01
8.867620751341681595e-01
8.876565295169945857e-01
8.876565295169945857e-01
8.896243291592128566e-01
8.896243291592128566e-01
8.901610017889087789e-01
8.901610017889087789e-01
8.905187835420393938e-01
8.905187835420393938e-01
8.935599284436493983e-01
8.935599284436493983e-01
8.937388193202147058e-01
8.937388193202147058e-01
8.942754919499105171e-01
8.942754919499105171e-01
8.980322003577817513e-01
8.980322003577817513e-01
8.982110912343470588e-01
8.982110912343470588e-01
8.992844364937387924e-01
8.992844364937387924e-01
8.996422182468694073e-01
8.996422182468694073e-01
9.003577817531306371e-01
9.003577817531306371e-01
9.008944543828264484e-01
9.008944543828264484e-01
9.016100178890876782e-01
9.016100178890876782e-01
9.033989266547406416e-01
9.033989266547406416e-01
9.042933810375670678e-01
9.042933810375670678e-01
9.057245080500894163e-01
9.057245080500894163e-01
9.059033989266547238e-01
9.059033989266547238e-01
9.066189624329159535e-01
9.066189624329159535e-01
9.071556350626117649e-01
9.071556350626117649e-01
9.110912343470483066e-01
9.110912343470483066e-01
9.116279069767442289e-01
9.116279069767442289e-01
9.128801431127012700e-01
9.128801431127012700e-01
9.153846153846153522e-01
9.153846153846153522e-01
9.155635062611806596e-01
9.155635062611806596e-01
9.168157423971377007e-01
9.168157423971377007e-01
9.180679785330948528e-01
9.180679785330948528e-01
9.221824686940965909e-01
9.221824686940965909e-01
9.228980322003578207e-01
9.228980322003578207e-01
9.232558139534883246e-01
9.232558139534883246e-01
9.245080500894454767e-01
9.245080500894454767e-01
9.252236135957065954e-01
9.252236135957065954e-01
9.255813953488372103e-01
9.255813953488372103e-01
9.264758497316636365e-01
9.264758497316636365e-01
9.280858676207512925e-01
9.280858676207512925e-01
9.293381037567084446e-01
9.293381037567084446e-01
9.302325581395348708e-01
9.302325581395348708e-01
9.313059033989266045e-01
9.313059033989266045e-01
9.314847942754919119e-01
9.314847942754919119e-01
9.325581395348837566e-01
9.325581395348837566e-01
9.334525939177101828e-01
9.334525939177101828e-01
9.352415026833631462e-01
9.352415026833631462e-01
9.355992844364937611e-01
9.355992844364937611e-01
9.359570661896243760e-01
9.359570661896243760e-01
9.368515205724508021e-01
9.368515205724508021e-01
9.372093023255814170e-01
9.372093023255814170e-01
9.379248658318425358e-01
9.379248658318425358e-01
9.381037567084078432e-01
9.381037567084078432e-01
9.398926654740608067e-01
9.398926654740608067e-01
9.406082289803220364e-01
9.406082289803220364e-01
9.411449016100178477e-01
9.411449016100178477e-01
9.416815742397137701e-01
9.416815742397137701e-01
9.418604651162790775e-01
9.418604651162790775e-01
9.431127012522361186e-01
9.431127012522361186e-01
9.436493738819320409e-01
9.436493738819320409e-01
9.449016100178890820e-01
9.449016100178890820e-01
9.450805008944543895e-01
9.450805008944543895e-01
9.454382826475850043e-01
9.454382826475850043e-01
9.459749552772808157e-01
9.459749552772808157e-01
9.465116279069767380e-01
9.465116279069767380e-01
9.475849731663684716e-01
9.475849731663684716e-01
9.486583184257603163e-01
9.490161001788909312e-01
9.508050089445437836e-01
9.508050089445437836e-01
9.516994633273703208e-01
9.516994633273703208e-01
9.550983899821109402e-01
9.554561717352415551e-01
9.563506261180679813e-01
9.563506261180679813e-01
9.574239713774597149e-01
9.577817531305903298e-01
9.577817531305903298e-01
9.590339892665473709e-01
9.590339892665473709e-01
9.601073345259392156e-01
9.601073345259392156e-01
9.610017889087656418e-01
9.610017889087656418e-01
9.613595706618962566e-01
9.613595706618962566e-01
9.622540250447226828e-01
9.622540250447226828e-01
9.640429338103756463e-01
9.640429338103756463e-01
9.649373881932021835e-01
9.649373881932021835e-01
9.663685152057245320e-01
9.663685152057245320e-01
9.697674418604651514e-01
9.697674418604651514e-01
9.711985688729874999e-01
9.711985688729874999e-01
9.756708407871198530e-01
9.756708407871198530e-01
9.785330948121645500e-01
9.785330948121645500e-01
9.797853309481215911e-01
9.797853309481215911e-01
9.833631484794275179e-01
9.837209302325581328e-01
9.860465116279070186e-01
9.860465116279070186e-01
9.876565295169946745e-01
9.876565295169946745e-01
9.905187835420393716e-01
9.905187835420393716e-01
9.906976744186046790e-01
9.906976744186046790e-01
9.910554561717352939e-01
9.910554561717352939e-01
9.921288014311270276e-01
9.921288014311270276e-01
9.932021466905187612e-01
9.932021466905187612e-01
9.940966010733452984e-01
9.940966010733452984e-01
9.957066189624329544e-01
9.957066189624329544e-01
9.958855098389982619e-01
9.958855098389982619e-01
9.969588550983899955e-01
9.969588550983899955e-01
9.973166368515206104e-01
9.973166368515206104e-01
9.991055456171735738e-01
9.991055456171735738e-01
9.998211091234346926e-01
9.998211091234346926e-01
1.000000000000000000e+00
